0 0.4822916666666667 0.5166666666666667 0.7739583333333333 0.571875
0 0.778125 0.35833333333333334 0.28229166666666666 0.16666666666666666
0 0.028125 0.365625 0.05625 0.05416666666666667
0 0.03854166666666667 0.3416666666666667 0.07708333333333334 0.058333333333333334
0 0.2635416666666667 0.290625 0.042708333333333334 0.04479166666666667
0 0.309375 0.2875 0.022916666666666665 0.03958333333333333
0 0.6229166666666667 0.30104166666666665 0.023958333333333335 0.042708333333333334
0 0.759375 0.28854166666666664 0.16145833333333334 0.090625
0 0.884375 0.28125 0.06145833333333333 0.04791666666666667
0 0.759375 0.2875 0.16354166666666667 0.09479166666666666
0 0.9489583333333333 0.3458333333333333 0.09791666666666667 0.0875