0 0.3802083333333333 0.659375 0.121875 0.07916666666666666
0 0.6 0.6541666666666667 0.12604166666666666 0.07916666666666666
0 0.6979166666666666 0.65 0.14583333333333334 0.08541666666666667
0 0.5270833333333333 0.6614583333333334 0.115625 0.06354166666666666
0 0.20625 0.6645833333333333 0.06875 0.053125
0 0.13645833333333332 0.6645833333333333 0.052083333333333336 0.040625
0 0.47291666666666665 0.6604166666666667 0.065625 0.04791666666666667
0 0.26979166666666665 0.6635416666666667 0.06354166666666666 0.040625
0 0.16875 0.665625 0.022916666666666665 0.026041666666666668
0 0.32395833333333335 0.6552083333333333 0.051041666666666666 0.06041666666666667
0 0.259375 0.65 0.04583333333333333 0.016666666666666666
0 0.021875 0.66875 0.026041666666666668 0.016666666666666666