0 0.27395833333333336 0.8135416666666667 0.115625 0.121875
0 0.13645833333333332 0.8083333333333333 0.13854166666666667 0.16979166666666667
0 0.575 0.728125 0.03958333333333333 0.034375
0 0.6666666666666666 0.7208333333333333 0.10208333333333333 0.11145833333333334
0 0.051041666666666666 0.84375 0.09479166666666666 0.15833333333333333
0 0.7958333333333333 0.8135416666666667 0.11770833333333333 0.125
0 0.3614583333333333 0.7375 0.04791666666666667 0.075
0 0.55 0.8635416666666667 0.1 0.13125
0 0.63125 0.7864583333333334 0.06041666666666667 0.07916666666666666
0 0.5552083333333333 0.753125 0.06666666666666667 0.04375
0 0.3625 0.815625 0.04895833333333333 0.078125