0 0.165625 0.7541666666666667 0.3260416666666667 0.334375
0 0.265625 0.33229166666666665 0.075 0.046875
0 0.16875 0.3416666666666667 0.08541666666666667 0.04583333333333333
0 0.034375 0.3458333333333333 0.06875 0.04895833333333333
0 0.6697916666666667 0.3125 0.051041666666666666 0.0375
0 0.75 0.3145833333333333 0.04895833333333333 0.035416666666666666
0 0.8427083333333333 0.32083333333333336 0.027083333333333334 0.034375
0 0.8833333333333333 0.31875 0.04583333333333333 0.041666666666666664
0 0.9333333333333333 0.4666666666666667 0.12708333333333333 0.125
0 0.578125 0.2989583333333333 0.035416666666666666 0.022916666666666665
0 0.6416666666666667 0.571875 0.284375 0.215625
0 0.6114583333333333 0.29583333333333334 0.027083333333333334 0.023958333333333335
0 0.7072916666666667 0.2916666666666667 0.015625 0.017708333333333333
0 0.5479166666666667 0.29375 0.23333333333333334 0.03958333333333333