0 0.9114583333333334 0.8072916666666666 0.175 0.1875
0 0.753125 0.8020833333333334 0.16354166666666667 0.12291666666666666
0 0.5197916666666667 0.75 0.046875 0.057291666666666664
0 0.34791666666666665 0.7270833333333333 0.04583333333333333 0.041666666666666664
0 0.4083333333333333 0.7135416666666666 0.026041666666666668 0.026041666666666668
0 0.390625 0.7114583333333333 0.01875 0.020833333333333332
0 0.5635416666666667 0.75625 0.05 0.075
0 0.6614583333333334 0.7479166666666667 0.15625 0.16354166666666667
0 0.47708333333333336 0.7395833333333334 0.046875 0.046875
0 0.353125 0.6979166666666666 0.015625 0.014583333333333334
0 0.31875 0.721875 0.025 0.03125
0 0.38229166666666664 0.70625 0.021875 0.027083333333333334
0 0.340625 0.6989583333333333 0.019791666666666666 0.013541666666666667
0 0.275 0.6885416666666667 0.019791666666666666 0.016666666666666666