0 0.28020833333333334 0.896875 0.03958333333333333 0.035416666666666666
0 0.29583333333333334 0.9520833333333333 0.04895833333333333 0.057291666666666664
0 0.590625 0.921875 0.036458333333333336 0.04375
0 0.5541666666666667 0.775 0.017708333333333333 0.025
0 0.5364583333333334 0.9552083333333333 0.041666666666666664 0.06458333333333334
0 0.3302083333333333 0.9135416666666667 0.03958333333333333 0.03854166666666667
0 0.34375 0.834375 0.03333333333333333 0.029166666666666667
0 0.3802083333333333 0.796875 0.021875 0.023958333333333335
0 0.40520833333333334 0.8958333333333334 0.028125 0.05
0 0.534375 0.9072916666666667 0.034375 0.03229166666666667
0 0.66875 0.8864583333333333 0.058333333333333334 0.09479166666666666
0 0.603125 0.7645833333333333 0.016666666666666666 0.022916666666666665
0 0.225 0.9625 0.04791666666666667 0.052083333333333336
0 0.59375 0.9583333333333334 0.03958333333333333 0.057291666666666664
0 0.521875 0.7791666666666667 0.36354166666666665 0.4354166666666667