0 0.49895833333333334 0.8 0.2635416666666667 0.165625
0 0.4041666666666667 0.615625 0.18541666666666667 0.04895833333333333
0 0.7270833333333333 0.7614583333333333 0.146875 0.07395833333333333
0 0.19166666666666668 0.5479166666666667 0.38333333333333336 0.20416666666666666
0 0.20833333333333334 0.84375 0.3927083333333333 0.28541666666666665
0 0.6864583333333333 0.5666666666666667 0.215625 0.134375
0 0.08541666666666667 0.6479166666666667 0.16770833333333332 0.078125
0 0.8052083333333333 0.5979166666666667 0.034375 0.026041666666666668
0 0.8072916666666666 0.565625 0.035416666666666666 0.03125
0 0.8125 0.5322916666666667 0.034375 0.034375
0 0.80625 0.6197916666666666 0.027083333333333334 0.030208333333333334