0 0.4708333333333333 0.6833333333333333 0.07291666666666667 0.084375
0 0.96875 0.8020833333333334 0.057291666666666664 0.21041666666666667
0 0.24791666666666667 0.65625 0.04791666666666667 0.07083333333333333
0 0.08020833333333334 0.8072916666666666 0.16041666666666668 0.38125
0 0.13541666666666666 0.6885416666666667 0.09166666666666666 0.12083333333333333
0 0.6583333333333333 0.6885416666666667 0.084375 0.125
0 0.596875 0.703125 0.11145833333333334 0.121875
0 0.796875 0.7083333333333334 0.1375 0.159375
0 0.321875 0.6625 0.04375 0.057291666666666664
0 0.29375 0.6489583333333333 0.03125 0.059375
0 0.14791666666666667 0.8135416666666667 0.07708333333333334 0.234375
0 0.7239583333333334 0.6885416666666667 0.057291666666666664 0.10833333333333334
0 0.353125 0.6270833333333333 0.015625 0.026041666666666668
0 0.4270833333333333 0.6666666666666666 0.053125 0.08020833333333334
0 0.4010416666666667 0.6708333333333333 0.5916666666666667 0.175