0 0.10104166666666667 0.29791666666666666 0.00625 0.011458333333333333
0 0.052083333333333336 0.30625 0.0125 0.016666666666666666
0 0.020833333333333332 0.3125 0.015625 0.009375
0 0.16770833333333332 0.678125 0.12708333333333333 0.08020833333333334
0 0.49583333333333335 0.26666666666666666 0.03229166666666667 0.025
0 0.08125 0.30104166666666665 0.015625 0.019791666666666666
0 0.10104166666666667 0.29583333333333334 0.03229166666666667 0.025
0 0.3645833333333333 0.26145833333333335 0.027083333333333334 0.020833333333333332
0 0.03854166666666667 0.3072916666666667 0.015625 0.013541666666666667
0 0.08125 0.3 0.013541666666666667 0.01875
0 0.09270833333333334 0.3 0.0125 0.014583333333333334
0 0.11770833333333333 0.28854166666666664 0.027083333333333334 0.015625
0 0.052083333333333336 0.3020833333333333 0.014583333333333334 0.023958333333333335