0 0.5729166666666666 0.8614583333333333 0.253125 0.22291666666666668
0 0.8572916666666667 0.85625 0.28229166666666666 0.28229166666666666
0 0.36354166666666665 0.8520833333333333 0.31354166666666666 0.25625
0 0.46145833333333336 0.6895833333333333 0.13958333333333334 0.08645833333333333
0 0.7520833333333333 0.6489583333333333 0.03229166666666667 0.035416666666666666
0 0.296875 0.678125 0.16145833333333334 0.09791666666666667
0 0.909375 0.68125 0.15208333333333332 0.07916666666666666
0 0.8197916666666667 0.6614583333333334 0.08958333333333333 0.05416666666666667
0 0.7020833333333333 0.6625 0.052083333333333336 0.04375
0 0.146875 0.8229166666666666 0.29270833333333335 0.240625
0 0.11145833333333334 0.8885416666666667 0.215625 0.2
0 0.5864583333333333 0.6677083333333333 0.06145833333333333 0.05416666666666667
0 0.18333333333333332 0.6666666666666666 0.08229166666666667 0.0625
0 0.696875 0.803125 0.14583333333333334 0.19895833333333332