0 0.8864583333333333 0.7260416666666667 0.22291666666666668 0.51875
0 0.6083333333333333 0.240625 0.08958333333333333 0.04375
0 0.271875 0.2520833333333333 0.029166666666666667 0.05625
0 0.6114583333333333 0.2625 0.04375 0.052083333333333336
0 0.890625 0.2677083333333333 0.21145833333333333 0.20416666666666666
0 0.7239583333333334 0.22916666666666666 0.03125 0.03125
0 0.7677083333333333 0.2625 0.096875 0.15208333333333332
0 0.14791666666666667 0.2625 0.228125 0.12604166666666666
0 0.696875 0.23333333333333334 0.027083333333333334 0.03125
0 0.5489583333333333 0.25416666666666665 0.03125 0.053125
0 0.6625 0.228125 0.04583333333333333 0.03229166666666667