0 0.384375 0.23333333333333334 0.31875 0.35520833333333335
0 0.17083333333333334 0.0625 0.12395833333333334 0.125
0 0.9645833333333333 0.078125 0.06875 0.06041666666666667
0 0.6416666666666667 0.290625 0.09166666666666666 0.2552083333333333
0 0.8385416666666666 0.05416666666666667 0.1125 0.10625
0 0.23333333333333334 0.24479166666666666 0.08854166666666667 0.35208333333333336
0 0.45416666666666666 0.08958333333333333 0.103125 0.07395833333333333
0 0.07291666666666667 0.08229166666666667 0.14583333333333334 0.121875
0 0.6489583333333333 0.10104166666666667 0.090625 0.10520833333333333
0 0.8947916666666667 0.051041666666666666 0.035416666666666666 0.10208333333333333
0 0.80625 0.28958333333333336 0.07395833333333333 0.14270833333333333
0 0.7322916666666667 0.3104166666666667 0.11666666666666667 0.11145833333333334
0 0.809375 0.22604166666666667 0.24166666666666667 0.33229166666666665
0 0.39166666666666666 0.1875 0.7395833333333334 0.375