0 0.46041666666666664 0.09375 0.042708333333333334 0.026041666666666668
0 0.29791666666666666 0.14375 0.0625 0.03229166666666667
0 0.14583333333333334 0.1125 0.01875 0.005208333333333333
0 0.5354166666666667 0.078125 0.019791666666666666 0.014583333333333334
0 0.16354166666666667 0.10208333333333333 0.03229166666666667 0.015625
0 0.4 0.07604166666666666 0.034375 0.01875
0 0.09583333333333334 0.11458333333333333 0.03229166666666667 0.01875
0 0.4510416666666667 0.0875 0.03333333333333333 0.025
0 0.5697916666666667 0.078125 0.03958333333333333 0.022916666666666665
0 0.590625 0.0625 0.019791666666666666 0.00625
0 0.12083333333333333 0.11145833333333334 0.0375 0.01875
0 0.33645833333333336 0.08333333333333333 0.051041666666666666 0.022916666666666665