0 0.47578125 0.8546875 0.1390625 0.196875
0 0.46875 0.53515625 0.0609375 0.0765625
0 0.8296875 0.48203125 0.096875 0.0953125
0 0.9546875 0.7484375 0.090625 0.303125
0 0.50859375 0.40078125 0.0328125 0.0359375
0 0.940625 0.54453125 0.11875 0.1578125
0 0.54453125 0.3609375 0.0140625 0.021875
0 0.76875 0.44609375 0.0671875 0.08125
0 0.96875 0.3796875 0.05 0.0875
0 0.678125 0.4328125 0.05 0.05625
0 0.47890625 0.46484375 0.0375 0.0484375
0 0.65546875 0.4109375 0.0171875 0.028125
0 0.5765625 0.328125 0.040625 0.05
0 0.54296875 0.325 0.04375 0.0453125
0 0.69921875 0.3703125 0.05625 0.0828125
0 0.49140625 0.4265625 0.03125 0.0421875
0 0.64609375 0.36328125 0.0140625 0.0265625
0 0.63671875 0.3828125 0.0171875 0.025
0 0.63828125 0.62890625 0.165625 0.2171875
0 0.86015625 0.596875 0.1609375 0.171875
0 0.0921875 0.7625 0.125 0.159375
0 0.52578125 0.38359375 0.0265625 0.028125
0 0.5 0.603125 1 0.79375