0 0.971875 0.4078125 0.05625 0.328125
0 0.334375 0.58984375 0.334375 0.6921875
0 0.446875 0.37890625 0.125 0.25
0 0.8109375 0.22265625 0.09375 0.2390625
0 0.49765625 0.2875 0.19375 0.3171875
0 0.7140625 0.25703125 0.10625 0.2625
0 0.26171875 0.63828125 0.390625 0.6765625
0 0.33828125 0.44140625 0.3046875 0.5
0 0.45625 0.29921875 0.228125 0.3390625
0 0.540625 0.23046875 0.065625 0.0984375
0 0.20703125 0.6546875 0.4140625 0.690625
0 0.76484375 0.25859375 0.0921875 0.21875
0 0.7234375 0.15078125 0.0234375 0.0328125
0 0.271875 0.66953125 0.340625 0.6609375
0 0.63046875 0.41640625 0.7390625 0.6671875