0 0.08046875 0.50390625 0.025 0.03125
0 0.10859375 0.5 0.0390625 0.0265625
0 0.209375 0.47734375 0.0421875 0.0296875
0 0.30546875 0.4546875 0.0359375 0.0296875
0 0.55703125 0.40234375 0.034375 0.028125
0 0.79140625 0.3453125 0.0375 0.0296875
0 0.81875 0.34296875 0.0265625 0.021875
0 0.00546875 0.52421875 0.0109375 0.0203125
0 0.171875 0.48359375 0.0421875 0.034375
0 0.27734375 0.459375 0.04375 0.0359375
0 0.528125 0.40625 0.0375 0.034375
0 0.6359375 0.38125 0.0421875 0.034375
0 0.8390625 0.3359375 0.03125 0.0234375
0 0.7328125 0.36015625 0.046875 0.0359375
0 0.53203125 0.40625 0.040625 0.0265625
0 0.39609375 0.43828125 0.7921875 0.2140625