0 0.1015625 0.69765625 0.203125 0.1859375
0 0.8625 0.82265625 0.140625 0.08125
0 0.090625 0.6515625 0.18125 0.159375
0 0.80625 0.8578125 0.1828125 0.146875
0 0.4140625 0.715625 0.0703125 0.059375
0 0.5109375 0.725 0.04375 0.0484375
0 0.36484375 0.72890625 0.1265625 0.1125
0 0.7609375 0.78828125 0.0234375 0.034375
0 0.2640625 0.70546875 0.203125 0.1796875
0 0.5296875 0.7265625 0.05 0.05625
0 0.72734375 0.77734375 0.0421875 0.040625
0 0.6828125 0.76640625 0.0296875 0.028125
0 0.50390625 0.7234375 0.6984375 0.259375