0 0.21640625 0.515625 0.1265625 0.0828125
0 0.253125 0.57421875 0.1546875 0.1015625
0 0.325 0.55390625 0.13125 0.0875
0 0.44921875 0.5953125 0.146875 0.1125
0 0.70625 0.778125 0.1625 0.1453125
0 0.14765625 0.53671875 0.1328125 0.1015625
0 0.84453125 0.64140625 0.0984375 0.075
0 0.0515625 0.53125 0.103125 0.103125
0 0.73828125 0.62421875 0.0984375 0.071875
0 0.34375 0.765625 0.6875 0.46875
0 0.1359375 0.67109375 0.0984375 0.078125
0 0.40546875 0.5 0.0296875 0.0328125
0 0.66171875 0.73046875 0.06875 0.065625
0 0.54453125 0.70546875 0.0796875 0.06875
0 0.4953125 0.665625 0.059375 0.059375
0 0.64375 0.60859375 0.1515625 0.1234375
0 0.80859375 0.83671875 0.1921875 0.165625
0 0.83203125 0.98046875 0.0890625 0.0390625
0 0.3953125 0.68828125 0.0671875 0.046875
0 0.3 0.69140625 0.090625 0.0828125
0 0.85 0.7625 0.065625 0.0546875
0 0.23125 0.69453125 0.09375 0.0875
0 0.27265625 0.64296875 0.0421875 0.0484375
0 0.13828125 0.70625 0.090625 0.0609375
0 0.04609375 0.48203125 0.0921875 0.0859375
0 0.0125 0.62421875 0.025 0.0828125
0 0.55390625 0.5625 0.096875 0.075
0 0.71796875 0.590625 0.0625 0.040625
0 0.84609375 0.9765625 0.0609375 0.046875
0 0.56015625 0.5109375 0.05 0.046875