0 0.48515625 0.70390625 0.1359375 0.309375
0 0.51484375 0.45859375 0.1546875 0.159375
0 0.4140625 0.44765625 0.1234375 0.1546875
0 0.5546875 0.48828125 0.0796875 0.1140625
0 0.33125 0.71640625 0.0890625 0.1390625
0 0.6390625 0.89296875 0.1390625 0.1734375
0 0.90078125 0.92265625 0.1078125 0.1546875
0 0.846875 0.915625 0.065625 0.16875
0 0.215625 0.90703125 0.1515625 0.165625
0 0.77734375 0.87734375 0.09375 0.1484375
0 0.84921875 0.90390625 0.1296875 0.1671875
0 0.18828125 0.91953125 0.103125 0.134375
0 0.31015625 0.8609375 0.0640625 0.140625
0 0.71640625 0.8375 0.0515625 0.1078125
0 0.6515625 0.7734375 0.0703125 0.0796875
0 0.95234375 0.92421875 0.0578125 0.1515625
0 0.56328125 0.896875 0.7984375 0.20625
0 0.1 0.834375 0.2 0.3
0 0.48515625 0.76015625 0.528125 0.1765625