0 0.46484375 0.9359375 0.9265625 0.128125
0 0.33515625 0.84296875 0.6703125 0.2140625
0 0.38671875 0.78671875 0.7734375 0.2515625
0 0.39140625 0.56953125 0.7828125 0.16875
0 0.42109375 0.50078125 0.83671875 0.225
0 0.42109375 0.66484375 0.8421875 0.19765625
0 0.33359375 0.1265625 0.6671875 0.171875
0 0.296875 0.328125 0.59375 0.10703125
0 0.59453125 0.959375 0.79765625 0.08125
0 0.36796875 0.28671875 0.73515625 0.15546875
0 0.2921875 0.21328125 0.57421875 0.0921875
0 0.2453125 0.17578125 0.48984375 0.109375
0 0.32578125 0.35625 0.6515625 0.08359375
0 0.4375 0.496875 0.875 0.99375