0 0.1375 0.684375 0.0421875 0.034375
0 0.16171875 0.6703125 0.04375 0.0375
0 0.96015625 0.396875 0.05625 0.0375
0 0.2125 0.6390625 0.0390625 0.0328125
0 0.4203125 0.615625 0.0546875 0.0421875
0 0.31484375 0.696875 0.0484375 0.040625
0 0.3828125 0.61328125 0.0421875 0.0359375
0 0.3625 0.61171875 0.0375 0.03125
0 0.325 0.66171875 0.0671875 0.05
0 0.153125 0.71640625 0.059375 0.0390625
0 0.32734375 0.5921875 0.0421875 0.03125
0 0.29140625 0.64296875 0.0453125 0.03125
0 0.27421875 0.6171875 0.0359375 0.0296875
0 0.56875 0.55078125 0.8625 0.4203125