0 0.11875 0.51328125 0.2375 0.1984375
0 0.4953125 0.540625 0.0640625 0.0484375
0 0.85703125 0.6859375 0.240625 0.159375
0 0.434375 0.56875 0.11875 0.1
0 0.48515625 0.56875 0.0828125 0.0796875
0 0.53203125 0.56171875 0.0453125 0.05
0 0.55234375 0.56171875 0.0421875 0.0453125
0 0.203125 0.5140625 0.1609375 0.134375
0 0.6015625 0.5421875 0.0203125 0.01875
0 0.3703125 0.51640625 0.05625 0.0421875
0 0.446875 0.525 0.0265625 0.0203125
0 0.56953125 0.55234375 0.05625 0.0625
0 0.296875 0.53359375 0.221875 0.1640625
0 0.62578125 0.62421875 0.3109375 0.196875