0 0.97734375 0.61640625 0.0234375 0.0390625
0 0.44140625 0.4671875 0.0234375 0.0296875
0 0.65859375 0.534375 0.053125 0.0375
0 0.35859375 0.44921875 0.0453125 0.034375
0 0.271875 0.42109375 0.025 0.0265625
0 0.54140625 0.496875 0.0453125 0.04375
0 0.95703125 0.61015625 0.0484375 0.0453125
0 0.45625 0.47578125 0.0453125 0.0328125
0 0.1515625 0.3859375 0.034375 0.0296875
0 0.04296875 0.359375 0.0265625 0.0390625
0 0.11640625 0.37578125 0.0328125 0.03125
0 0.29921875 0.42734375 0.015625 0.0234375
0 0.96015625 0.6109375 0.0546875 0.0515625
0 0.03125 0.35 0.025 0.0296875