0 0.40390625 0.63671875 0.0734375 0.0875
0 0.42109375 0.6171875 0.059375 0.078125
0 0.675 0.9390625 0.084375 0.1046875
0 0.01328125 0.78359375 0.0265625 0.1328125
0 0.509375 0.3765625 0.0125 0.0125
0 0.6625 0.984375 0.115625 0.03125
0 0.12734375 0.87421875 0.140625 0.1203125
0 0.2515625 0.57265625 0.0625 0.075
0 0.14453125 0.82734375 0.1359375 0.121875
0 0.48828125 0.6546875 0.0640625 0.084375
0 0.38671875 0.49765625 0.071875 0.0578125
0 0.19453125 0.6125 0.084375 0.103125
0 0.1984375 0.61171875 0.0859375 0.1046875
0 0.5890625 0.74921875 0.0828125 0.0984375
0 0.234375 0.8453125 0.0421875 0.0828125
0 0.45625 0.5390625 0.40625 0.303125