0 0.9546875 0.65625 0.08984375 0.03671875
0 0.94921875 0.64609375 0.1015625 0.0453125
0 0.659375 0.61796875 0.03046875 0.0359375
0 0.40390625 0.653125 0.11171875 0.0765625
0 0.2828125 0.6140625 0.0953125 0.04609375
0 0.09375 0.59921875 0.02421875 0.03828125
0 0.7703125 0.62265625 0.0140625 0.015625
0 0.9140625 0.63828125 0.0328125 0.025
0 0.1953125 0.60390625 0.059375 0.05078125
0 0.12265625 0.5984375 0.03125 0.03515625
0 0.5296875 0.609375 0.028125 0.0140625
0 0.03984375 0.59375 0.0421875 0.02578125