0 0.6890625 0.55390625 0.0703125 0.078125
0 0.63984375 0.4578125 0.046875 0.053125
0 0.34453125 0.4 0.053125 0.053125
0 0.27265625 0.4078125 0.040625 0.0546875
0 0.64375 0.36640625 0.03125 0.04375
0 0.4125 0.34140625 0.0203125 0.0265625
0 0.5984375 0.35 0.059375 0.13125
0 0.9703125 0.7375 0.059375 0.403125
0 0.3890625 0.31640625 0.028125 0.059375
0 0.33046875 0.3546875 0.0546875 0.075
0 0.41796875 0.30703125 0.021875 0.04375
0 0.4484375 0.2984375 0.015625 0.0296875
0 0.715625 0.42734375 0.0578125 0.075
0 0.20390625 0.5640625 0.071875 0.084375
0 0.38984375 0.3578125 0.025 0.0390625
0 0.44375 0.3203125 0.0125 0.01875