0 0.5375 0.38203125 0.13359375 0.0703125
0 0.6671875 0.51484375 0.34375 0.1859375
0 0.48125 0.34453125 0.15234375 0.06328125
0 0.10546875 0.42421875 0.0703125 0.0671875
0 0.846875 0.43359375 0.08125 0.08984375
0 0.2328125 0.42578125 0.06328125 0.06640625
0 0.1328125 0.36875 0.16171875 0.14140625
0 0.27578125 0.3890625 0.07578125 0.06796875
0 0.653125 0.346875 0.08046875 0.03125
0 0.43203125 0.4375 0.0859375 0.07265625
0 0.0359375 0.4125 0.0265625 0.06328125
0 0.375 0.35546875 0.103125 0.05078125
0 0.33125 0.39921875 0.046875 0.0671875
0 0.58671875 0.3546875 0.06171875 0.01484375