0 0.596875 0.49765625 0.58125 0.5546875
0 0.1703125 0.21875 0.2953125 0.390625
0 0.4828125 0.51015625 0.965625 0.9796875
0 0.8046875 0.446875 0.390625 0.434375
0 0.14609375 0.1453125 0.1296875 0.15
0 0.47265625 0.31484375 0.203125 0.19375
0 0.103125 0.303125 0.153125 0.15625
0 0.2109375 0.06328125 0.178125 0.1265625
0 0.234375 0.05078125 0.20625 0.1015625
0 0.621875 0.190625 0.221875 0.16875
0 0.465625 0.08125 0.26875 0.1625
0 0.38515625 0.021875 0.1765625 0.04375
0 0.46953125 0.0796875 0.2546875 0.159375
0 0.0765625 0.37421875 0.153125 0.15625
0 0.56328125 0.3015625 0.1984375 0.2140625
0 0.64375 0.23125 0.1984375 0.165625