0 0.85 0.5515625 0.3 0.26875
0 0.7484375 0.61953125 0.43828125 0.2875
0 0.5796875 0.49609375 0.0890625 0.1234375
0 0.35625 0.4640625 0.09453125 0.15078125
0 0.28671875 0.53515625 0.0828125 0.140625
0 0.65703125 0.74453125 0.6703125 0.5109375
0 0.67734375 0.46796875 0.09140625 0.1
0 0.4609375 0.521875 0.1390625 0.1703125
0 0.79453125 0.41953125 0.03125 0.065625
0 0.8953125 0.46015625 0.09375 0.0625
0 0.7625 0.58359375 0.25 0.21484375
0 0.903125 0.52109375 0.19296875 0.13359375
0 0.22265625 0.61875 0.1796875 0.2046875
0 0.49921875 0.678125 0.9984375 0.63984375