0 0.37578125 0.54296875 0.553125 0.4171875
0 0.9359375 0.4484375 0.128125 0.165625
0 0.1171875 0.78125 0.234375 0.24375
0 0.10078125 0.853125 0.2015625 0.1375
0 0.2796875 0.88203125 0.2484375 0.196875
0 0.53515625 0.93359375 0.2484375 0.1328125
0 0.0203125 0.7375 0.040625 0.221875
0 0.62421875 0.609375 0.10625 0.1109375
0 0.73984375 0.58671875 0.109375 0.1046875
0 0.8359375 0.60703125 0.1390625 0.1421875
0 0.7390625 0.5359375 0.1 0.096875
0 0.64296875 0.49453125 0.115625 0.1140625
0 0.80078125 0.5703125 0.059375 0.071875
0 0.7578125 0.97265625 0.2 0.0546875
0 0.5234375 0.47734375 0.953125 0.6515625