0 0.85859375 0.57578125 0.0390625 0.053125
0 0.76171875 0.6984375 0.3546875 0.3609375
0 0.42109375 0.615625 0.153125 0.1578125
0 0.21640625 0.5484375 0.078125 0.0765625
0 0.27109375 0.52421875 0.040625 0.0453125
0 0.45234375 0.47734375 0.0421875 0.046875
0 0.79296875 0.4140625 0.0265625 0.03125
0 0.18046875 0.6578125 0.16875 0.159375
0 0.353125 0.51328125 0.053125 0.05625
0 0.6921875 0.53828125 0.1203125 0.078125
0 0.52265625 0.4609375 0.0421875 0.0203125
0 0.48125 0.47421875 0.028125 0.0265625
0 0.77421875 0.41328125 0.0265625 0.0390625