0 0.371875 0.678125 0.2921875 0.321875
0 0.603125 0.503125 0.5015625 0.3859375
0 0.26953125 0.48984375 0.06875 0.0625
0 0.13359375 0.5296875 0.0796875 0.128125
0 0.91015625 0.48984375 0.1796875 0.1421875
0 0.9125 0.56328125 0.175 0.1765625
0 0.81171875 0.825 0.3765625 0.3375
0 0.2578125 0.584375 0.1078125 0.1453125
0 0.921875 0.50859375 0.0671875 0.0625
0 0.2078125 0.56875 0.0328125 0.0796875
0 0.20546875 0.54765625 0.0359375 0.0453125
0 0.2203125 0.49921875 0.040625 0.0421875
0 0.1859375 0.50390625 0.021875 0.0265625
0 0.19375 0.54140625 0.0265625 0.0375
0 0.1921875 0.5328125 0.0296875 0.028125
0 0.1734375 0.52421875 0.0109375 0.0234375