0 0.20625 0.77578125 0.2453125 0.321875
0 0.41015625 0.321875 0.1046875 0.115625
0 0.5015625 0.2265625 0.0734375 0.0828125
0 0.34921875 0.43359375 0.1328125 0.1453125
0 0.184375 0.38125 0.14375 0.1671875
0 0.2765625 0.315625 0.10625 0.1203125
0 0.04765625 0.67734375 0.0953125 0.2390625
0 0.315625 0.13046875 0.0703125 0.0734375
0 0.44765625 0.27265625 0.0984375 0.1265625
0 0.6390625 0.5703125 0.3390625 0.5046875
0 0.58203125 0.29609375 0.196875 0.278125
0 0.74453125 0.31328125 0.1734375 0.2609375
0 0.271875 0.51484375 0.184375 0.2375
0 0.3421875 0.25859375 0.10625 0.125
0 0.0765625 0.25390625 0.115625 0.246875
0 0.44375 0.0875 0.0890625 0.1015625
0 0.74921875 0.08828125 0.0703125 0.0828125
0 0.41640625 0.196875 0.0859375 0.0953125
0 0.61171875 0.0890625 0.1078125 0.121875
0 0.5578125 0.16328125 0.0640625 0.065625
0 0.35 0.09453125 0.0609375 0.065625