0 0.5015625 0.80546875 0.996875 0.271875
0 0.25859375 0.64296875 0.08125 0.05
0 0.91328125 0.7046875 0.1734375 0.115625
0 0.83984375 0.6875 0.17265625 0.10078125
0 0.7546875 0.68671875 0.065625 0.06875
0 0.4265625 0.63984375 0.1546875 0.04296875
0 0.7359375 0.6765625 0.06328125 0.0640625
0 0.73046875 0.66484375 0.1171875 0.0625
0 0.6203125 0.65 0.11015625 0.034375
0 0.69140625 0.65625 0.05625 0.05234375
0 0.553125 0.63203125 0.04921875 0.028125
0 0.14296875 0.63046875 0.03828125 0.02421875
0 0.5015625 0.8140625 0.996875 0.25