0 0.45390625 0.53046875 0.0296875 0.0328125
0 0.47578125 0.51328125 0.0125 0.0203125
0 0.496875 0.46328125 0.025 0.0234375
0 0.5078125 0.4171875 0.015625 0.0125
0 0.51484375 0.39296875 0.0125 0.009375
0 0.52109375 0.36640625 0.0140625 0.0140625
0 0.7890625 0.721875 0.0625 0.040625
0 0.828125 0.67265625 0.128125 0.09375
0 0.69140625 0.63359375 0.15 0.10625
0 0.55078125 0.37265625 0.0125 0.0109375
0 0.43828125 0.54921875 0.0296875 0.034375
0 0.50625 0.4296875 0.0171875 0.0234375
0 0.56171875 0.5015625 0.06875 0.0953125
0 0.68359375 0.61640625 0.4734375 0.2921875