0 0.365625 0.57734375 0.03203125 0.06328125
0 0.396875 0.57109375 0.03203125 0.0765625
0 0.45625 0.56171875 0.03203125 0.06015625
0 0.484375 0.55703125 0.028125 0.0625
0 0.51953125 0.55390625 0.03203125 0.06015625
0 0.5296875 0.56015625 0.02890625 0.046875
0 0.5765625 0.540625 0.02109375 0.05546875
0 0.58984375 0.53125 0.03125 0.0609375
0 0.2578125 0.571875 0.03046875 0.05859375
0 0.22421875 0.59140625 0.025 0.078125
0 0.5546875 0.53828125 0.03046875 0.0828125
0 0.33359375 0.57734375 0.02578125 0.08046875
0 0.6453125 0.52109375 0.021875 0.06171875
0 0.49140625 0.4640625 0.9828125 0.175