0 0.5046875 0.240625 0.196875 0.146875
0 0.4609375 0.12265625 0.125 0.084375
0 0.5609375 0.171875 0.0328125 0.028125
0 0.5796875 0.17109375 0.0234375 0.028125
0 0.59296875 0.17109375 0.0171875 0.028125
0 0.50234375 0.159375 0.0453125 0.0140625
0 0.2375 0.4328125 0.475 0.49375
0 0.28984375 0.32109375 0.35625 0.28125
0 0.63125 0.1828125 0.0140625 0.028125
0 0.26015625 0.171875 0.05625 0.0265625
0 0.62109375 0.1703125 0.0125 0.0171875
0 0.61015625 0.1703125 0.015625 0.021875
0 0.60234375 0.16953125 0.0078125 0.01875