0 0.14609375 0.7828125 0.153125 0.17890625
0 0.70546875 0.55390625 0.05625 0.0671875
0 0.634375 0.7578125 0.12734375 0.1953125
0 0.93828125 0.75625 0.11953125 0.13359375
0 0.815625 0.72265625 0.05 0.08671875
0 0.109375 0.31015625 0.03515625 0.05625
0 0.4515625 0.76484375 0.11640625 0.225
0 0.7625 0.71484375 0.08125 0.059375
0 0.89296875 0.721875 0.1078125 0.171875
0 0.33828125 0.77265625 0.04765625 0.1671875
0 0.390625 0.75625 0.09453125 0.21171875
0 0.75703125 0.7640625 0.09296875 0.109375
0 0.53046875 0.3984375 0.0625 0.0890625
0 0.5546875 0.81640625 0.04921875 0.10078125
0 0.98984375 0.7109375 0.0203125 0.046875
0 0.51328125 0.815625 0.03828125 0.11015625
0 0.1703125 0.3203125 0.08125 0.04921875