0 0.8 0.69453125 0.0890625 0.0859375
0 0.5734375 0.78671875 0.115625 0.09375
0 0.675 0.740625 0.0625 0.0609375
0 0.63359375 0.7546875 0.078125 0.075
0 0.72890625 0.71171875 0.04375 0.0453125
0 0.71015625 0.72265625 0.046875 0.05
0 0.3171875 0.83359375 0.0796875 0.059375
0 0.76015625 0.6984375 0.0453125 0.046875
0 0.4234375 0.7953125 0.078125 0.059375
0 0.83359375 0.66328125 0.025 0.01875
0 0.896875 0.671875 0.11875 0.128125
0 0.26484375 0.83828125 0.0609375 0.053125
0 0.5453125 0.759375 0.1375 0.1
0 0.60546875 0.734375 0.025 0.0203125