0 0.7765625 0.83359375 0.4421875 0.325
0 0.62421875 0.73203125 0.178125 0.16875
0 0.1734375 0.71484375 0.209375 0.1703125
0 0.534375 0.67109375 0.084375 0.078125
0 0.31328125 0.82734375 0.096875 0.203125
0 0.53828125 0.6296875 0.059375 0.03125
0 0.50234375 0.6375 0.01875 0.03125
0 0.40546875 0.640625 0.0375 0.05
0 0.37734375 0.65078125 0.0375 0.05625
0 0.66640625 0.653125 0.115625 0.040625
0 0.47421875 0.628125 0.0125 0.0171875
0 0.5640625 0.6859375 0.0875 0.0890625
0 0.353125 0.66015625 0.0515625 0.0703125
0 0.54140625 0.63671875 0.0703125 0.025