0 0.5 0.56015625 0.17265625 0.13984375
0 0.1390625 0.584375 0.18359375 0.19609375
0 0.10390625 0.50078125 0.121875 0.1078125
0 0.34296875 0.55703125 0.159375 0.1265625
0 0.7 0.5421875 0.11171875 0.10546875
0 0.81953125 0.54140625 0.140625 0.10546875
0 0.12265625 0.49453125 0.24296875 0.984375
0 0.5609375 0.5015625 0.0453125 0.05546875
0 0.1796875 0.53984375 0.04609375 0.0734375
0 0.9671875 0.540625 0.06484375 0.0703125
0 0.88984375 0.5421875 0.0546875 0.0765625
0 0.77265625 0.5078125 0.10703125 0.05078125