0 0.43359375 0.82109375 0.8671875 0.3578125
0 0.8609375 0.83515625 0.20625 0.3296875
0 0.1140625 0.68828125 0.228125 0.2359375
0 0.42421875 0.684375 0.121875 0.0984375
0 0.32578125 0.6421875 0.0703125 0.0734375
0 0.28984375 0.6296875 0.0625 0.0625
0 0.23125 0.6140625 0.05 0.0640625
0 0.1625 0.57890625 0.0375 0.040625
0 0.10546875 0.56796875 0.053125 0.0453125
0 0.26484375 0.625 0.0390625 0.0453125
0 0.2640625 0.60078125 0.03125 0.021875
0 0.19921875 0.6140625 0.1 0.078125
0 0.36640625 0.65703125 0.09375 0.090625