0 0.1109375 0.5140625 0.046875 0.03125
0 0.1140625 0.49453125 0.0390625 0.0171875
0 0.1828125 0.51171875 0.0453125 0.021875
0 0.2703125 0.50078125 0.034375 0.025
0 0.30703125 0.48984375 0.021875 0.021875
0 0.35546875 0.4890625 0.0296875 0.01875
0 0.33046875 0.484375 0.021875 0.021875
0 0.00390625 0.4765625 0.0078125 0.025
0 0.21796875 0.49453125 0.05 0.0265625
0 0.39453125 0.484375 0.025 0.0125
0 0.23671875 0.50546875 0.053125 0.0265625
0 0.01484375 0.5203125 0.0296875 0.0375
0 0.47578125 0.478125 0.025 0.01875
0 0.48046875 0.48203125 0.9609375 0.1078125