0 0.3234375 0.70625 0.078125 0.09375
0 0.40625 0.68203125 0.046875 0.0671875
0 0.43671875 0.675 0.02734375 0.0390625
0 0.4625 0.66640625 0.025 0.03046875
0 0.75625 0.71796875 0.08046875 0.1
0 0.38828125 0.67578125 0.02734375 0.03515625
0 0.4328125 0.68671875 0.01328125 0.0453125
0 0.378125 0.70625 0.0546875 0.0671875
0 0.3625 0.66796875 0.034375 0.02265625
0 0.46328125 0.66640625 0.02265625 0.03125
0 0.5671875 0.71640625 0.12734375 0.12734375
0 0.971875 0.76015625 0.05546875 0.1921875
0 0.2140625 0.7265625 0.1234375 0.13671875
0 0.94453125 0.7515625 0.09375 0.18203125
0 0.60625 0.69921875 0.2796875 0.128125