0 0.1375 0.6765625 0.275 0.478125
0 0.2828125 0.609375 0.2125 0.2796875
0 0.9375 0.47578125 0.125 0.2390625
0 0.69453125 0.3421875 0.05 0.0796875
0 0.96640625 0.35234375 0.0421875 0.0828125
0 0.77578125 0.3015625 0.04375 0.059375
0 0.49609375 0.74609375 0.5640625 0.5078125
0 0.825 0.796875 0.2265625 0.3046875
0 0.921875 0.7140625 0.15625 0.29375
0 0.86640625 0.4484375 0.090625 0.1640625
0 0.934375 0.29296875 0.084375 0.11875
0 0.85703125 0.31328125 0.1109375 0.15625
0 0.63125 0.35703125 0.1375 0.2140625
0 0.503125 0.371875 0.2 0.178125
0 0.71875 0.2703125 0.028125 0.0296875
0 0.66875 0.28203125 0.0203125 0.0375
0 0.3625 0.46640625 0.1953125 0.2640625
0 0.81953125 0.25546875 0.0765625 0.0859375
0 0.60546875 0.5984375 0.7890625 0.803125