0 0.44609375 0.4921875 0.8921875 0.984375
0 0.29921875 0.3453125 0.05625 0.0609375
0 0.05078125 0.3953125 0.1015625 0.2
0 0.92265625 0.30625 0.146875 0.146875
0 0.73671875 0.31328125 0.075 0.0734375
0 0.86640625 0.29375 0.084375 0.090625
0 0.34375 0.35 0.059375 0.053125
0 0.26640625 0.3515625 0.0359375 0.0546875
0 0.19609375 0.3515625 0.0671875 0.0671875
0 0.13828125 0.359375 0.040625 0.040625
0 0.09921875 0.36484375 0.040625 0.0421875
0 0.24296875 0.35859375 0.0328125 0.0421875
0 0.39765625 0.34453125 0.0671875 0.0625
0 0.778125 0.30859375 0.1109375 0.0765625