0 0.80625 0.7421875 0.178125 0.1875
0 0.63515625 0.746875 0.1890625 0.203125
0 0.47890625 0.77109375 0.16875 0.1734375
0 0.33515625 0.790625 0.20625 0.165625
0 0.171875 0.80859375 0.209375 0.171875
0 0.92265625 0.70078125 0.1546875 0.1546875
0 0.74921875 0.728125 0.109375 0.1796875
0 0.79375 0.6203125 0.078125 0.11875
0 0.7296875 0.6140625 0.0265625 0.071875
0 0.284375 0.66875 0.05625 0.05
0 0.06640625 0.82265625 0.065625 0.1078125
0 0.12890625 0.7671875 0.109375 0.078125
0 0.85625 0.59140625 0.0453125 0.05625
0 0.0671875 0.775 0.071875 0.0609375
0 0.54765625 0.7015625 0.04375 0.0421875