0 0.5984375 0.225 0.1828125 0.1625
0 0.8375 0.35703125 0.2125 0.225
0 0.3921875 0.1390625 0.0703125 0.0859375
0 0.31328125 0.103125 0.084375 0.0890625
0 0.95703125 0.62421875 0.0859375 0.1078125
0 0.7171875 0.51953125 0.109375 0.090625
0 0.68828125 0.428125 0.090625 0.08125
0 0.4484375 0.31171875 0.06875 0.05625
0 0.45 0.27734375 0.053125 0.04375
0 0.34921875 0.1921875 0.046875 0.046875
0 0.31171875 0.1640625 0.0484375 0.0421875
0 0.56953125 0.32265625 0.115625 0.1296875
0 0.77890625 0.41796875 0.109375 0.0796875
0 0.309375 0.7890625 0.1203125 0.1625
0 0.171875 0.503125 0.121875 0.190625
0 0.0578125 0.54765625 0.115625 0.1734375
0 0.090625 0.23203125 0.0625 0.0828125
0 0.05703125 0.29140625 0.04375 0.046875
0 0.12734375 0.2984375 0.053125 0.06875
0 0.15703125 0.4453125 0.065625 0.0703125
0 0.14609375 0.39296875 0.05625 0.0703125
0 0.14609375 0.79609375 0.2421875 0.4078125
0 0.03984375 0.44453125 0.0796875 0.1359375
0 0.60234375 0.984375 0.10625 0.0265625
0 0.43984375 0.5 0.8796875 1
0 0.234375 0.134375 0.0875 0.08125