0 0.271875 0.0453125 0.33125 0.090625
0 0.29609375 0.6234375 0.5921875 0.753125
0 0.41484375 0.459375 0.821875 0.640625
0 0.553125 0.5984375 0.89375 0.803125
0 0.54140625 0.3234375 0.6125 0.384375
0 0.63828125 0.31796875 0.5546875 0.2875
0 0.70078125 0.19296875 0.271875 0.1859375
0 0.8484375 0.14453125 0.25625 0.171875
0 0.871875 0.2203125 0.25625 0.31875
0 0.15703125 0.5984375 0.3140625 0.3375
0 0.66953125 0.26953125 0.346875 0.1859375
0 0.303125 0.4296875 0.359375 0.2515625
0 0.9484375 0.11953125 0.103125 0.0671875