0 0.51875 0.49765625 0.1359375 0.1171875
0 0.10078125 0.5578125 0.2015625 0.196875
0 0.709375 0.54296875 0.2375 0.1796875
0 0.45234375 0.50625 0.0375 0.0578125
0 0.6203125 0.48671875 0.109375 0.109375
0 0.81640625 0.5171875 0.1265625 0.1265625
0 0.41640625 0.5046875 0.05625 0.0625
0 0.35078125 0.51875 0.0296875 0.059375
0 0.3296875 0.50546875 0.0375 0.046875
0 0.984375 0.484375 0.03125 0.065625
0 0.66953125 0.46015625 0.0296875 0.0109375
0 0.3109375 0.50546875 0.0109375 0.025
0 0.29921875 0.49921875 0.0203125 0.028125
0 0.57578125 0.51640625 0.8484375 0.2640625