0 0.696875 0.34296875 0.175 0.25625
0 0.496875 0.628125 0.471875 0.4703125
0 0.85390625 0.3140625 0.290625 0.3171875
0 0.4359375 0.75234375 0.871875 0.4953125
0 0.59375 0.32421875 0.175 0.228125
0 0.7453125 0.2328125 0.0796875 0.0703125
0 0.490625 0.22421875 0.0921875 0.134375
0 0.409375 0.11015625 0.05 0.05625
0 0.375 0.20703125 0.1015625 0.1734375
0 0.2203125 0.52265625 0.440625 0.5015625
0 0.88515625 0.78828125 0.2109375 0.4234375
0 0.91640625 0.484375 0.1671875 0.265625
0 0.98828125 0.1421875 0.0234375 0.140625
0 0.584375 0.1921875 0.0765625 0.0765625
0 0.5 0.5 1 1