0 0.94921875 0.30859375 0.1015625 0.1328125
0 0.865625 0.27109375 0.26875 0.2484375
0 0.6953125 0.23203125 0.278125 0.1765625
0 0.5484375 0.19453125 0.2796875 0.178125
0 0.49765625 0.16640625 0.3140625 0.209375
0 0.36328125 0.13671875 0.15625 0.1078125
0 0.14375 0.07109375 0.09375 0.1375
0 0.459375 0.54609375 0.384375 0.5859375
0 0.73515625 0.68359375 0.5296875 0.6328125
0 0.66171875 0.48046875 0.2875 0.43125
0 0.95 0.6546875 0.1 0.321875
0 0.17890625 0.5703125 0.3578125 0.690625
0 0.275 0.34296875 0.246875 0.403125
0 0.81953125 0.3765625 0.0921875 0.0984375
0 0.25625 0.1109375 0.325 0.221875