0 0.4328125 0.94453125 0.028125 0.025
0 0.45859375 0.95546875 0.028125 0.01875
0 0.48671875 0.96328125 0.0359375 0.025
0 0.12890625 0.83828125 0.0328125 0.0328125
0 0.5484375 0.98125 0.0296875 0.0203125
0 0.5203125 0.97578125 0.0265625 0.01875
0 0.36953125 0.925 0.021875 0.01875
0 0.25 0.8828125 0.0203125 0.015625
0 0.3953125 0.93359375 0.0265625 0.0203125
0 0.20078125 0.86796875 0.0234375 0.0171875
0 0.08984375 0.8328125 0.0171875 0.0125
0 0.22578125 0.87734375 0.0265625 0.0171875
0 0.44609375 0.875 0.8921875 0.25