0 0.4703125 0.7375 0.103125 0.1078125
0 0.7453125 0.66328125 0.0953125 0.084375
0 0.26796875 0.7546875 0.078125 0.05
0 0.2015625 0.77421875 0.071875 0.0515625
0 0.90078125 0.61328125 0.0578125 0.046875
0 0.80234375 0.63984375 0.0578125 0.0453125
0 0.3828125 0.7125 0.128125 0.13125
0 0.11484375 0.78515625 0.046875 0.0359375
0 0.15390625 0.78125 0.01875 0.0140625
0 0.22265625 0.7515625 0.025 0.0265625
0 0.3109375 0.7484375 0.0484375 0.0453125
0 0.10625 0.8953125 0.084375 0.1484375
0 0.86953125 0.6125 0.0421875 0.04375