0 0.41171875 0.7703125 0.2546875 0.459375
0 0.56953125 0.7515625 0.2765625 0.496875
0 0.91484375 0.68671875 0.1703125 0.4421875
0 0.025 0.5703125 0.05 0.165625
0 0.0140625 0.43671875 0.028125 0.1140625
0 0.34375 0.5046875 0.1109375 0.165625
0 0.49609375 0.46875 0.1390625 0.2234375
0 0.615625 0.4828125 0.2 0.290625
0 0.74140625 0.7328125 0.303125 0.5015625
0 0.6875 0.3671875 0.10625 0.1484375
0 0.21640625 0.6234375 0.159375 0.3578125
0 0.103125 0.5953125 0.1734375 0.2515625
0 0.0890625 0.75546875 0.178125 0.4890625
0 0.50234375 0.5625 0.9953125 0.859375