0 0.60390625 0.640625 0.334375 0.31875
0 0.1734375 0.80546875 0.2296875 0.1828125
0 0.19375 0.64296875 0.175 0.11875
0 0.275 0.6171875 0.121875 0.10625
0 0.38046875 0.6046875 0.15 0.1140625
0 0.0171875 0.75625 0.0265625 0.1046875
0 0.9890625 0.6234375 0.021875 0.128125
0 0.75078125 0.49140625 0.084375 0.06875
0 0.86875 0.54765625 0.1171875 0.109375
0 0.434375 0.55 0.0421875 0.0453125
0 0.14140625 0.5484375 0.271875 0.1703125
0 0.2828125 0.4109375 0.2015625 0.0546875
0 0.90078125 0.728125 0.184375 0.221875