0 0.53984375 0.759375 0.1671875 0.1046875
0 0.30078125 0.7828125 0.1203125 0.0734375
0 0.3703125 0.7578125 0.09375 0.0609375
0 0.41328125 0.7359375 0.0734375 0.0515625
0 0.459375 0.721875 0.059375 0.04375
0 0.5 0.709375 0.040625 0.0328125
0 0.5203125 0.70078125 0.046875 0.0328125
0 0.1765625 0.834375 0.209375 0.1171875
0 0.62578125 0.71328125 0.0859375 0.06875
0 0.65703125 0.69453125 0.08125 0.05625
0 0.56015625 0.68515625 0.0421875 0.028125
0 0.67109375 0.67578125 0.0703125 0.046875
0 0.5390625 0.6921875 0.0390625 0.028125