0 0.16875 0.57578125 0.1640625 0.1671875
0 0.46484375 0.47890625 0.2046875 0.2375
0 0.77265625 0.38984375 0.0953125 0.115625
0 0.8859375 0.3578125 0.228125 0.309375
0 0.63359375 0.42109375 0.0640625 0.0765625
0 0.59375 0.43203125 0.0546875 0.06875
0 0.71953125 0.3875 0.0578125 0.0671875
0 0.684375 0.3984375 0.05 0.059375
0 0.66015625 0.40625 0.034375 0.0453125
0 0.54375 0.4453125 0.0328125 0.05
0 0.303125 0.52421875 0.0859375 0.0859375
0 0.0703125 0.6046875 0.140625 0.2125
0 0.5640625 0.4390625 0.0390625 0.0578125
0 0.53828125 0.45078125 0.625 0.3125