0 0.6171875 0.01328125 0.04375 0.021875
0 0.57265625 0.01640625 0.0359375 0.01875
0 0.72265625 0.00625 0.0265625 0.0125
0 0.68125 0.0078125 0.040625 0.015625
0 0.47109375 0.02578125 0.03125 0.0203125
0 0.77578125 0.00390625 0.0359375 0.0078125
0 0.43671875 0.03125 0.0359375 0.01875
0 0.50859375 0.02421875 0.034375 0.021875
0 0.54140625 0.0203125 0.03125 0.015625
0 0.30625 0.04296875 0.0171875 0.0140625
0 0.36875 0.040625 0.0109375 0.009375
0 0.59609375 0.01484375 0.0203125 0.0140625
0 0.80625 0.0078125 0.25 0.015625