0 0.196875 0.86796875 0.325 0.2640625
0 0.58984375 0.76328125 0.04375 0.0640625
0 0.428125 0.7796875 0.0421875 0.046875
0 0.23984375 0.790625 0.028125 0.0328125
0 0.3625 0.73984375 0.021875 0.03125
0 0.49609375 0.7796875 0.0171875 0.0390625
0 0.7875 0.684375 0.425 0.390625
0 0.31015625 0.7859375 0.128125 0.1859375
0 0.234375 0.7609375 0.03125 0.0328125
0 0.08828125 0.80078125 0.103125 0.096875
0 0.1546875 0.8203125 0.05625 0.0796875
0 0.9859375 0.82265625 0.028125 0.2234375
0 0.58515625 0.75625 0.0515625 0.0671875
0 0.2109375 0.81328125 0.0625 0.0875
0 0.6015625 0.76953125 0.0234375 0.0609375