0 0.52890625 0.8546875 0.78203125 0.26328125
0 0.92578125 0.72265625 0.14609375 0.3
0 0.1703125 0.75703125 0.2359375 0.16875
0 0.47890625 0.67578125 0.09921875 0.0703125
0 0.38046875 0.66015625 0.053125 0.0578125
0 0.34453125 0.65703125 0.04765625 0.04921875
0 0.2875 0.65625 0.03515625 0.053125
0 0.21640625 0.640625 0.02734375 0.0328125
0 0.16328125 0.64296875 0.04296875 0.03359375
0 0.32109375 0.65859375 0.0296875 0.0359375
0 0.3140625 0.6359375 0.02578125 0.015625
0 0.25859375 0.6640625 0.08359375 0.05390625
0 0.4203125 0.66484375 0.07421875 0.06953125