0 0.4765625 0.9359375 0.265625 0.128125
0 0.5234375 0.5984375 0.275 0.446875
0 0.79375 0.6140625 0.4125 0.4625
0 0.09921875 0.21953125 0.028125 0.053125
0 0.15703125 0.24140625 0.1 0.178125
0 0.6203125 0.08828125 0.19375 0.078125
0 0.35546875 0.303125 0.259375 0.225
0 0.0546875 0.1296875 0.08125 0.11875
0 0.040625 0.28515625 0.08125 0.16875
0 0.0078125 0.08515625 0.015625 0.0328125
0 0.78125 0.09453125 0.078125 0.0546875
0 0.9265625 0.0140625 0.0875 0.028125
0 0.07265625 0.1875 0.0625 0.08125
0 0.1875 0.51875 0.125 0.153125
0 0.22109375 0.09921875 0.228125 0.1125