0 0.93828125 0.67109375 0.078125 0.1078125
0 0.890625 0.68046875 0.0734375 0.0953125
0 0.53203125 0.30546875 0.0828125 0.0890625
0 0.25703125 0.478125 0.0515625 0.0515625
0 0.83046875 0.30390625 0.128125 0.1890625
0 0.3421875 0.36875 0.05 0.0640625
0 0.80234375 0.59375 0.05625 0.0640625
0 0.7796875 0.56796875 0.0453125 0.0515625
0 0.73671875 0.4921875 0.0484375 0.05
0 0.1015625 0.67734375 0.0546875 0.0703125
0 0.1328125 0.61953125 0.0609375 0.075
0 0.54140625 0.55546875 0.0296875 0.0515625
0 0.61875 0.48046875 0.03125 0.065625
0 0.765625 0.53515625 0.05 0.0625
0 0.53046875 0.4953125 0.03125 0.046875
0 0.35546875 0.52578125 0.0234375 0.0546875
0 0.93671875 0.75 0.05 0.06875
0 0.3375 0.48203125 0.0234375 0.0625
0 0.5 0.6046875 1 0.653125