0 0.8265625 0.72421875 0.15 0.0890625
0 0.6609375 0.74140625 0.1046875 0.0703125
0 0.99453125 0.70234375 0.0109375 0.1078125
0 0.6046875 0.75078125 0.08125 0.05625
0 0.4625 0.7640625 0.0453125 0.04375
0 0.72734375 0.7375 0.1078125 0.065625
0 0.41328125 0.77265625 0.0515625 0.0359375
0 0.56640625 0.75390625 0.071875 0.053125
0 0.38046875 0.77421875 0.0390625 0.034375
0 0.1640625 0.80390625 0.0421875 0.028125
0 0.3171875 0.7828125 0.0390625 0.034375
0 0.8765625 0.7234375 0.0984375 0.0796875
0 0.05 0.81796875 0.0234375 0.0265625
0 0.95078125 0.71875 0.0984375 0.06875