0 0.57890625 0.5828125 0.1 0.115625
0 0.509375 0.30859375 0.065625 0.109375
0 0.65390625 0.44296875 0.0734375 0.08125
0 0.5859375 0.2125 0.0296875 0.0375
0 0.5671875 0.15546875 0.03125 0.0328125
0 0.61171875 0.278125 0.0578125 0.065625
0 0.44765625 0.29453125 0.0453125 0.06875
0 0.26953125 0.81796875 0.140625 0.2296875
0 0.58828125 0.07890625 0.015625 0.0171875
0 0.56953125 0.0703125 0.015625 0.01875
0 0.359375 0.5359375 0.09375 0.140625
0 0.44453125 0.77109375 0.128125 0.2609375
0 0.6890625 0.29140625 0.1 0.1296875