0 0.35390625 0.44375 0.034375 0.0171875
0 0.56640625 0.471875 0.015625 0.015625
0 0.5171875 0.46484375 0.03125 0.01875
0 0.7671875 0.50078125 0.0578125 0.0546875
0 0.659375 0.48359375 0.0328125 0.0296875
0 0.621875 0.475 0.0578125 0.04375
0 0.39921875 0.45 0.0171875 0.0125
0 0.79609375 0.503125 0.015625 0.0203125
0 0.80546875 0.50390625 0.015625 0.01875
0 0.82109375 0.5078125 0.015625 0.0203125
0 0.84609375 0.5109375 0.0203125 0.025
0 0.075 0.3875 0.140625 0.121875
0 0.71015625 0.48671875 0.046875 0.040625
0 0.87421875 0.5171875 0.0296875 0.0203125