0 0.8640625 0.3796875 0.271875 0.2375
0 0.86171875 0.48046875 0.0765625 0.0796875
0 0.71796875 0.53671875 0.175 0.1234375
0 0.61875 0.55234375 0.1171875 0.0984375
0 0.92109375 0.45625 0.1546875 0.1203125
0 0.47578125 0.603125 0.1078125 0.0984375
0 0.403125 0.6234375 0.109375 0.103125
0 0.99296875 0.4375 0.0140625 0.04375
0 0.334375 0.64921875 0.1328125 0.115625
0 0.5484375 0.578125 0.1125 0.1015625
0 0.66328125 0.52265625 0.06875 0.05
0 0.7109375 0.49453125 0.0609375 0.0375
0 0.80390625 0.49765625 0.11875 0.10625
0 0.75234375 0.48671875 0.0484375 0.0515625