0 0.89921875 0.48359375 0.2015625 0.14609375
0 0.76796875 0.4078125 0.11015625 0.04140625
0 0.66015625 0.409375 0.10703125 0.05703125
0 0.4578125 0.42109375 0.0515625 0.0421875
0 0.41953125 0.421875 0.07890625 0.04140625
0 0.421875 0.5671875 0.24296875 0.2546875
0 0.65546875 0.5546875 0.165625 0.21875
0 0.17578125 0.55078125 0.075 0.12578125
0 0.23828125 0.59453125 0.12734375 0.134375
0 0.0875 0.53125 0.08125 0.09140625
0 0.55234375 0.5328125 0.13671875 0.175
0 0.690625 0.37578125 0.14453125 0.05546875
0 0.10546875 0.40859375 0.1640625 0.10078125
0 0.25 0.44140625 0.0265625 0.05078125
0 0.17890625 0.48828125 0.06171875 0.0421875
0 0.446875 0.51328125 0.03203125 0.0984375
0 0.55390625 0.3828125 0.10078125 0.03984375
0 0.57421875 0.4171875 0.04921875 0.03828125
0 0.96015625 0.3984375 0.0796875 0.028125
0 0.303125 0.4796875 0.04453125 0.0625
0 0.60546875 0.46953125 0.5703125 0.15625