0 0.4234375 0.44921875 0.19375 0.171875
0 0.534375 0.4828125 0.0921875 0.08125
0 0.26015625 0.41875 0.1890625 0.18125
0 0.575 0.4828125 0.0328125 0.0421875
0 0.66484375 0.51484375 0.0390625 0.0453125
0 0.8109375 0.5515625 0.0203125 0.0203125
0 0.16484375 0.484375 0.240625 0.2875
0 0.62890625 0.5328125 0.065625 0.1
0 0.5765625 0.51328125 0.0625 0.0953125
0 0.703125 0.53984375 0.034375 0.0546875
0 0.74296875 0.525 0.0203125 0.0234375
0 0.83828125 0.55625 0.025 0.0203125
0 0.72734375 0.53671875 0.01875 0.028125
0 0.76875 0.5515625 0.0171875 0.0234375
0 0.75078125 0.54765625 0.01875 0.028125
0 0.42421875 0.4515625 0.2 0.1796875
0 0.76328125 0.5265625 0.0125 0.0140625
0 0.8046875 0.54140625 0.015625 0.0234375