0 0.1625 0.3875 0.0421875 0.09140625
0 0.8140625 0.76328125 0.371875 0.40234375
0 0.57421875 0.5109375 0.1765625 0.21015625
0 0.4296875 0.39296875 0.12890625 0.15234375
0 0.23515625 0.31484375 0.09375 0.1125
0 0.9171875 0.4625 0.165625 0.16640625
0 0.29375 0.2796875 0.08671875 0.10703125
0 0.68203125 0.590625 0.2515625 0.25078125
0 0.65625 0.37734375 0.11484375 0.125
0 0.55546875 0.409375 0.14375 0.11015625
0 0.20859375 0.33046875 0.36328125 0.1859375
0 0.4046875 0.2703125 0.109375 0.1171875
0 0.55859375 0.3 0.125 0.1375
0 0.7796875 0.396875 0.14140625 0.16875