0 0.81484375 0.165625 0.14375 0.140625
0 0.73828125 0.17578125 0.0984375 0.11875
0 0.2203125 0.25546875 0.09375 0.09375
0 0.890625 0.15703125 0.1171875 0.14375
0 0.665625 0.18984375 0.0984375 0.103125
0 0.89765625 0.06796875 0.053125 0.0625
0 0.2515625 0.14921875 0.115625 0.109375
0 0.5984375 0.11484375 0.1125 0.0828125
0 0.02265625 0.26484375 0.0453125 0.0796875
0 0.60859375 0.1828125 0.0625 0.06875
0 0.08046875 0.26796875 0.1015625 0.0859375
0 0.1953125 0.18203125 0.040625 0.0484375
0 0.5390625 0.06875 0.0875 0.0703125