0 0.40625 0.65234375 0.05 0.059375
0 0.2515625 0.70390625 0.04375 0.0546875
0 0.19609375 0.70625 0.028125 0.040625
0 0.8890625 0.60546875 0.053125 0.065625
0 0.7703125 0.60546875 0.0609375 0.0625
0 0.14921875 0.71328125 0.04375 0.053125
0 0.31484375 0.69296875 0.0328125 0.0515625
0 0.36328125 0.68203125 0.053125 0.071875
0 0.58828125 0.64453125 0.0875 0.0921875
0 0.1890625 0.67265625 0.03125 0.0515625
0 0.41640625 0.68125 0.04375 0.0515625
0 0.47578125 0.67109375 0.05 0.05625
0 0.3546875 0.65 0.05625 0.0484375
0 0.246875 0.67265625 0.0484375 0.0515625
0 0.84140625 0.80546875 0.3171875 0.2359375
0 0.28984375 0.84453125 0.490625 0.259375
0 0.0859375 0.71875 0.015625 0.0296875
0 0.47734375 0.678125 0.9203125 0.3828125