0 0.8953125 0.27578125 0.1765625 0.3109375
0 0.71015625 0.1140625 0.1265625 0.203125
0 0.9453125 0.34140625 0.109375 0.3265625
0 0.48125 0.28359375 0.1734375 0.315625
0 0.61015625 0.79375 0.3921875 0.4125
0 0.79453125 0.3953125 0.125 0.15625
0 0.859375 0.5859375 0.1296875 0.196875
0 0.959375 0.7453125 0.0578125 0.1875
0 0.9359375 0.64921875 0.121875 0.2109375
0 0.5984375 0.32890625 0.1171875 0.1421875
0 0.97421875 0.6375 0.040625 0.10625
0 0.56953125 0.121875 0.0515625 0.05
0 0.6046875 0.15859375 0.0734375 0.090625
0 0.79296875 0.259375 0.0734375 0.1140625
0 0.49296875 0.4875 0.0546875 0.175
0 0.45546875 0.1953125 0.1546875 0.3203125
0 0.98671875 0.33828125 0.0265625 0.2484375
0 0.5671875 0.53125 0.171875 0.271875
0 0.45546875 0.115625 0.2640625 0.1265625