0 0.53515625 0.68984375 0.134375 0.21875
0 0.14296875 0.62109375 0.2859375 0.3890625
0 0.61171875 0.68671875 0.0953125 0.1453125
0 0.65703125 0.684375 0.0640625 0.1015625
0 0.70390625 0.6640625 0.0625 0.09375
0 0.9390625 0.70390625 0.06875 0.103125
0 0.528125 0.58046875 0.1921875 0.115625
0 0.77734375 0.67578125 0.05 0.040625
0 0.9234375 0.6859375 0.1046875 0.1125
0 0.8703125 0.6796875 0.0359375 0.0375
0 0.375 0.5453125 0.046875 0.053125
0 0.240625 0.50234375 0.0546875 0.0890625
0 0.309375 0.525 0.028125 0.05
0 0.33984375 0.5375 0.0234375 0.0484375
0 0.29296875 0.52109375 0.0296875 0.053125
0 0.8765625 0.6984375 0.0625 0.0546875
0 0.2078125 0.503125 0.0375 0.0375