0 0.0375 0.18828125 0.075 0.0421875
0 0.4828125 0.15546875 0.05625 0.0484375
0 0.07265625 0.15703125 0.028125 0.0234375
0 0.16484375 0.16953125 0.05 0.0390625
0 0.22890625 0.17734375 0.04375 0.0515625
0 0.1109375 0.14609375 0.0390625 0.040625
0 0.340625 0.1453125 0.028125 0.021875
0 0.64921875 0.14140625 0.0671875 0.04375
0 0.56953125 0.14453125 0.0375 0.0359375
0 0.13203125 0.17265625 0.0484375 0.046875
0 0.1875 0.175 0.0375 0.0453125
0 0.28125 0.146875 0.0421875 0.03125
0 0.41171875 0.153125 0.8234375 0.15625