0 0.55078125 0.621875 0.028125 0.0265625
0 0.52421875 0.62265625 0.0203125 0.0234375
0 0.49375 0.62421875 0.0296875 0.0265625
0 0.4671875 0.62421875 0.028125 0.028125
0 0.4390625 0.61953125 0.0234375 0.03125
0 0.38125 0.62109375 0.0265625 0.028125
0 0.40625 0.6203125 0.0234375 0.0265625
0 0.06953125 0.60546875 0.03125 0.0359375
0 0.10390625 0.609375 0.025 0.0328125
0 0.190625 0.61484375 0.021875 0.025
0 0.06953125 0.60546875 0.03125 0.0375
0 0.2796875 0.61484375 0.0265625 0.034375
0 0.5125 0.62578125 0.975 0.3046875