0 0.48125 0.58046875 0.0453125 0.06640625
0 0.34609375 0.60234375 0.065625 0.0609375
0 0.69765625 0.571875 0.0375 0.046875
0 0.390625 0.59140625 0.04765625 0.053125
0 0.1140625 0.65078125 0.0515625 0.065625
0 0.04453125 0.6484375 0.05546875 0.0890625
0 0.5375 0.5796875 0.01328125 0.02734375
0 0.58046875 0.57734375 0.0109375 0.02734375
0 0.56875 0.5671875 0.009375 0.01796875
0 0.93203125 0.6078125 0.06015625 0.11015625
0 0.60546875 0.5796875 0.01015625 0.02890625
0 0.965625 0.59453125 0.06796875 0.20625
0 0.27109375 0.60703125 0.02109375 0.04375
0 0.578125 0.55625 0.01328125 0.0125
0 0.671875 0.5390625 0.0125 0.01171875
0 0.5921875 0.578125 0.01015625 0.02890625
0 0.9015625 0.6015625 0.04609375 0.10546875
0 0.6625 0.56875 0.00859375 0.02109375
0 0.640625 0.5375 0.02265625 0.0234375
0 0.6828125 0.534375 0.01015625 0.00703125
0 0.62109375 0.5796875 0.0140625 0.03515625
0 0.5828125 0.56875 0.14375 0.0421875