0 0.52734375 0.39765625 0.28125 0.203125
0 0.38203125 0.4859375 0.38125 0.3765625
0 0.0796875 0.61015625 0.159375 0.4171875
0 0.68828125 0.46328125 0.196875 0.19375
0 0.18671875 0.296875 0.1515625 0.115625
0 0.128125 0.28125 0.05625 0.065625
0 0.61484375 0.35703125 0.0359375 0.0390625
0 0.809375 0.4015625 0.0265625 0.0390625
0 0.99765625 0.4546875 0.0046875 0.01875
0 0.99453125 0.43828125 0.0109375 0.0234375
0 0.92265625 0.421875 0.034375 0.0328125
0 0.92421875 0.41953125 0.0390625 0.0359375
0 0.4453125 0.27265625 0.1625 0.1328125
0 0.34765625 0.22734375 0.228125 0.196875
0 0.1046875 0.240625 0.08125 0.084375