0 0.0609375 0.634375 0.121875 0.290625
0 0.165625 0.61875 0.1703125 0.21015625
0 0.27578125 0.60234375 0.0859375 0.21328125
0 0.34765625 0.61875 0.1078125 0.14765625
0 0.37890625 0.58203125 0.14609375 0.17421875
0 0.46796875 0.571875 0.08046875 0.15546875
0 0.50625 0.56171875 0.125 0.14375
0 0.6484375 0.56171875 0.03359375 0.06953125
0 0.5796875 0.55859375 0.053125 0.13203125
0 0.6109375 0.56875 0.07109375 0.08203125
0 0.6625 0.55546875 0.0390625 0.078125
0 0.68203125 0.540625 0.03984375 0.09296875
0 0.7125 0.5484375 0.0328125 0.0578125
0 0.58359375 0.54375 0.4828125 0.11640625