0 0.7046875 0.19609375 0.2296875 0.1625
0 0.39765625 0.75 0.415625 0.3375
0 0.184375 0.55 0.36875 0.31875
0 0.13125 0.3453125 0.2609375 0.159375
0 0.53359375 0.2078125 0.1296875 0.0796875
0 0.83515625 0.203125 0.040625 0.04375
0 0.875 0.19765625 0.0484375 0.04375
0 0.99296875 0.20625 0.0140625 0.053125
0 0.015625 0.26796875 0.0265625 0.153125
0 0.38046875 0.140625 0.03125 0.0421875
0 0.21328125 0.1 0.0265625 0.0421875
0 0.934375 0.18984375 0.059375 0.040625
0 0.48828125 0.184375 0.0765625 0.046875
0 0.5984375 0.16328125 0.803125 0.2828125