0 0.9734375 0.4796875 0.053125 0.08203125
0 0.18515625 0.4921875 0.18984375 0.11171875
0 0.94453125 0.44296875 0.0234375 0.02890625
0 0.9796875 0.43671875 0.040625 0.01484375
0 0.175 0.596875 0.17109375 0.26640625
0 0.7 0.4875 0.06640625 0.121875
0 0.6046875 0.4890625 0.05703125 0.115625
0 0.83984375 0.46953125 0.03046875 0.05703125
0 0.80234375 0.48203125 0.03203125 0.05859375
0 0.91953125 0.44765625 0.02890625 0.0375
0 0.66640625 0.49296875 0.03671875 0.0703125
0 0.74453125 0.48515625 0.04375 0.09609375
0 0.76640625 0.4859375 0.0203125 0.07265625
0 0.77890625 0.484375 0.02265625 0.06015625
0 0.87265625 0.459375 0.01796875 0.0421875
0 0.890625 0.44921875 0.0234375 0.040625
0 0.646875 0.46015625 0.059375 0.07734375