0 0.9078125 0.49765625 0.184375 0.1671875
0 0.7828125 0.41484375 0.125 0.0484375
0 0.6609375 0.41875 0.121875 0.065625
0 0.434375 0.43515625 0.059375 0.0484375
0 0.39140625 0.4375 0.0890625 0.0484375
0 0.3953125 0.6 0.2796875 0.2921875
0 0.659375 0.58203125 0.190625 0.25
0 0.11796875 0.5875 0.0875 0.1421875
0 0.18984375 0.63515625 0.146875 0.1546875
0 0.0328125 0.565625 0.065625 0.1015625
0 0.54140625 0.559375 0.1578125 0.2
0 0.6953125 0.38046875 0.1640625 0.065625
0 0.0640625 0.425 0.128125 0.115625
0 0.19921875 0.46328125 0.03125 0.0578125
0 0.1203125 0.51640625 0.0703125 0.0484375
0 0.4234375 0.53984375 0.0375 0.1109375
0 0.54140625 0.390625 0.1140625 0.046875
0 0.5640625 0.4296875 0.05625 0.04375
0 0.9765625 0.4 0.04375 0.0328125
0 0.2609375 0.5046875 0.0515625 0.071875
0 0.6015625 0.4875 0.6453125 0.1875