0 0.5515625 0.18046875 0.0453125 0.040625
0 0.81171875 0.2203125 0.040625 0.04375
0 0.9484375 0.24609375 0.05 0.0515625
0 0.8578125 0.2296875 0.05 0.0453125
0 0.7953125 0.21484375 0.021875 0.03125
0 0.37109375 0.15234375 0.0375 0.028125
0 0.63515625 0.1921875 0.0484375 0.0328125
0 0.6796875 0.196875 0.01875 0.01875
0 0.77109375 0.2140625 0.040625 0.0359375
0 0.734375 0.2078125 0.0453125 0.0375
0 0.603125 0.1953125 0.034375 0.034375
0 0.4828125 0.16875 0.034375 0.0296875
0 0.44375 0.165625 0.021875 0.021875
0 0.43125 0.16171875 0.0859375 0.0546875