0 0.0828125 0.759375 0.128125 0.0875
0 0.284375 0.78828125 0.0703125 0.053125
0 0.375 0.80234375 0.028125 0.021875
0 0.5671875 0.87109375 0.05 0.053125
0 0.59765625 0.8859375 0.0765625 0.0890625
0 0.6265625 0.9 0.1 0.1171875
0 0.74375 0.91796875 0.325 0.1640625
0 0.2078125 0.78046875 0.1015625 0.065625
0 0.565625 0.8578125 0.059375 0.0546875
0 0.78515625 0.94453125 0.2390625 0.1109375
0 0.32734375 0.79296875 0.0265625 0.0234375
0 0.475 0.8296875 0.0375 0.0296875
0 0.040625 0.77734375 0.08125 0.2359375
0 0.453125 0.8140625 0.15625 0.0625