0 0.63046875 0.6953125 0.103125 0.128125
0 0.39921875 0.6671875 0.1234375 0.134375
0 0.55078125 0.5125 0.1046875 0.090625
0 0.6640625 0.5265625 0.096875 0.084375
0 0.42890625 0.50390625 0.1171875 0.0828125
0 0.76015625 0.54609375 0.1109375 0.1359375
0 0.51640625 0.68125 0.1140625 0.134375
0 0.7171875 0.70703125 0.103125 0.1359375
0 0.85546875 0.55390625 0.1140625 0.146875
0 0.5859375 0.5390625 0.1140625 0.15625
0 0.67578125 0.54453125 0.115625 0.15625
0 0.54375 0.69453125 0.7390625 0.31875
0 0.421875 0.51640625 0.1265625 0.1578125
0 0.50234375 0.525 0.115625 0.1546875
0 0.8328125 0.7203125 0.1015625 0.1328125
0 0.3109375 0.49765625 0.1609375 0.153125
0 0.45859375 0.68046875 0.0484375 0.1140625
0 0.7875 0.71875 0.0453125 0.1390625
0 0.115625 0.57265625 0.23125 0.3609375