0 0.89296875 0.6078125 0.2140625 0.2375
0 0.571875 0.621875 0.1453125 0.11875
0 0.2265625 0.66171875 0.134375 0.090625
0 0.13203125 0.65546875 0.0546875 0.0375
0 0.4625 0.58125 0.1203125 0.1625
0 0.3859375 0.60546875 0.078125 0.05
0 0.15703125 0.65234375 0.0328125 0.0359375
0 0.565625 0.54453125 0.0859375 0.0734375
0 0.12578125 0.68984375 0.1609375 0.121875
0 0.33671875 0.64609375 0.13125 0.0859375
0 0.36796875 0.63203125 0.0796875 0.0640625
0 0.06328125 0.77109375 0.0640625 0.1203125
0 0.075 0.74296875 0.0890625 0.08125
0 0.6203125 0.6 0.0703125 0.0828125
0 0.11484375 0.70390625 0.1875 0.140625