0 0.484375 0.9625 0.1125 0.071875
0 0.64921875 0.97109375 0.1296875 0.0578125
0 0.29453125 0.92265625 0.09375 0.0625
0 0.26875 0.859375 0.0671875 0.046875
0 0.88828125 0.9828125 0.1171875 0.034375
0 0.66484375 0.9 0.0625 0.0359375
0 0.634375 0.88515625 0.0484375 0.03125
0 0.57890625 0.86953125 0.0515625 0.0296875
0 0.76484375 0.959375 0.0921875 0.059375
0 0.53515625 0.87421875 0.053125 0.0359375
0 0.9390625 0.98828125 0.040625 0.0234375
0 0.3359375 0.93828125 0.0953125 0.059375
0 0.07421875 0.9015625 0.125 0.034375
0 0.484375 0.896875 0.96875 0.20625