0 0.61015625 0.9515625 0.071875 0.0875
0 0.4734375 0.915625 0.0515625 0.0609375
0 0.67109375 0.95 0.0296875 0.0375
0 0.7171875 0.9515625 0.0140625 0.0109375
0 0.7859375 0.97265625 0.0390625 0.0421875
0 0.88671875 0.9859375 0.0453125 0.028125
0 0.3515625 0.86328125 0.1390625 0.1953125
0 0.5578125 0.89765625 0.0671875 0.103125
0 0.70078125 0.9484375 0.0265625 0.0375
0 0.78515625 0.97421875 0.0421875 0.0484375
0 0.85 0.97890625 0.046875 0.0421875
0 0.61796875 0.89765625 0.0421875 0.0328125
0 0.67421875 0.90859375 0.034375 0.0625
0 0.7578125 0.95703125 0.0125 0.0125
0 0.81171875 0.9734375 0.0234375 0.028125