0 0.0828125 0.72734375 0.0421875 0.0390625
0 0.11328125 0.70625 0.0421875 0.046875
0 0.18125 0.66328125 0.0203125 0.0234375
0 0.134375 0.6953125 0.028125 0.034375
0 0.26015625 0.6484375 0.025 0.028125
0 0.60234375 0.52890625 0.4296875 0.4453125
0 0.87109375 0.496875 0.2546875 0.21875
0 0.96171875 0.440625 0.0765625 0.175
0 0.36875 0.64921875 0.0765625 0.0765625
0 0.159375 0.67109375 0.01875 0.0171875
0 0.1453125 0.6859375 0.021875 0.028125
0 0.16953125 0.64453125 0.0125 0.0140625
0 0.22109375 0.63515625 0.1359375 0.09375