0 0.1953125 0.2734375 0.0671875 0.1109375
0 0.78515625 0.78203125 0.3984375 0.4359375
0 0.625 0.49921875 0.240625 0.271875
0 0.490625 0.33671875 0.175 0.196875
0 0.2921875 0.20859375 0.128125 0.14375
0 0.95234375 0.509375 0.0953125 0.2
0 0.3640625 0.18203125 0.11875 0.1375
0 0.7265625 0.61015625 0.3328125 0.33125
0 0.74453125 0.36875 0.1546875 0.1625
0 0.62578125 0.38203125 0.1828125 0.1515625
0 0.259375 0.22109375 0.4421875 0.284375
0 0.4890625 0.19609375 0.1453125 0.153125
0 0.653125 0.2625 0.1671875 0.178125
0 0.8765625 0.41640625 0.1921875 0.2171875