0 0.803125 0.871875 0.0328125 0.0203125
0 0.61796875 0.8828125 0.025 0.0171875
0 0.63203125 0.8734375 0.025 0.0203125
0 0.99453125 0.79921875 0.0109375 0.0234375
0 0.8375 0.79921875 0.0125 0.0140625
0 0.7484375 0.8640625 0.01875 0.0203125
0 0.8328125 0.84453125 0.04375 0.05625
0 0.678125 0.90234375 0.0296875 0.0171875
0 0.61328125 0.903125 0.0171875 0.025
0 0.6171875 0.88984375 0.015625 0.0125
0 0.96796875 0.83203125 0.028125 0.0234375
0 0.759375 0.8171875 0.0125 0.01875
0 0.89296875 0.81796875 0.0265625 0.03125
0 0.8328125 0.84375 0.0421875 0.0546875
0 0.7484375 0.86328125 0.0171875 0.0203125
0 0.775 0.8390625 0.45 0.246875