0 0.3203125 0.84453125 0.028125 0.028125
0 0.3375 0.87265625 0.0296875 0.0328125
0 0.359375 0.9125 0.03125 0.0421875
0 0.3921875 0.93359375 0.0375 0.0421875
0 0.28828125 0.89921875 0.0328125 0.0375
0 0.2984375 0.87421875 0.0265625 0.0328125
0 0.27421875 0.83671875 0.0265625 0.034375
0 0.4234375 0.7828125 0.0234375 0.03125
0 0.25703125 0.82421875 0.0203125 0.021875
0 0.2828125 0.85703125 0.025 0.03125
0 0.296875 0.83125 0.021875 0.025
0 0.2515625 0.853125 0.028125 0.0328125
0 0.34140625 0.9390625 0.0359375 0.0390625
0 0.40703125 0.70703125 0.5375 0.4859375