0 0.27421875 0.61171875 0.2984375 0.2453125
0 0.496875 0.60078125 0.1015625 0.1328125
0 0.0828125 0.73984375 0.15625 0.29375
0 0.0390625 0.62109375 0.071875 0.09375
0 0.0796875 0.60703125 0.121875 0.09375
0 0.6703125 0.56015625 0.0625 0.08125
0 0.45625 0.51015625 0.1734375 0.109375
0 0.7453125 0.53828125 0.0625 0.0359375
0 0.54453125 0.54765625 0.04375 0.0421875
0 0.7078125 0.55859375 0.04375 0.0609375
0 0.63828125 0.57578125 0.0703125 0.08125
0 0.56015625 0.5796875 0.134375 0.14375
0 0.60625 0.5328125 0.025 0.03125