0 0.09296875 0.5546875 0.02890625 0.02421875
0 0.01328125 0.57421875 0.02578125 0.0703125
0 0.1234375 0.5453125 0.0265625 0.03203125
0 0.18984375 0.53046875 0.0125 0.01640625
0 0.14375 0.54296875 0.0171875 0.02421875
0 0.25625 0.540625 0.015625 0.0203125
0 0.5609375 0.53984375 0.27890625 0.3
0 0.7828125 0.5875 0.18046875 0.13203125
0 0.9296875 0.5734375 0.140625 0.1390625
0 0.03828125 0.56875 0.0359375 0.053125
0 0.34296875 0.5703125 0.05078125 0.0515625
0 0.1703125 0.53125 0.0125 0.0109375
0 0.1546875 0.5390625 0.0125 0.02109375
0 0.18515625 0.5125 0.0078125 0.009375
0 0.22890625 0.51875 0.1046875 0.046875