0 0.671875 0.19296875 0.3 0.3859375
0 0.87890625 0.24375 0.1765625 0.2296875
0 0.50859375 0.32421875 0.1453125 0.134375
0 0.8125 0.2453125 0.096875 0.1328125
0 0.28828125 0.39921875 0.096875 0.0828125
0 0.24765625 0.40546875 0.0640625 0.0609375
0 0.1625 0.440625 0.103125 0.084375
0 0.03359375 0.50703125 0.0671875 0.1328125
0 0.08671875 0.46640625 0.0921875 0.078125
0 0.83984375 0.2328125 0.1171875 0.159375
0 0.21484375 0.42109375 0.084375 0.0734375
0 0.4234375 0.3453125 0.05625 0.0515625
0 0.7953125 0.2125 0.0625 0.0609375
0 0.6921875 0.2875 0.5375 0.575