0 0.715625 0.6796875 0.56875 0.5953125
0 0.83359375 0.34765625 0.06875 0.03359375
0 0.46875 0.47421875 0.19375 0.21171875
0 0.76484375 0.40234375 0.1671875 0.1015625
0 0.8078125 0.3609375 0.10234375 0.05859375
0 0.925 0.41640625 0.14921875 0.18828125
0 0.5359375 0.35234375 0.14921875 0.0671875
0 0.39375 0.4265625 0.1296875 0.13203125
0 0.75625 0.35859375 0.2921875 0.05078125
0 0.73125 0.33828125 0.07265625 0.0359375
0 0.40859375 0.35625 0.0484375 0.01640625
0 0.45078125 0.36328125 0.04140625 0.03125
0 0.9140625 0.33984375 0.0296875 0.02265625
0 0.334375 0.39375 0.05546875 0.0484375
0 0.83125 0.34453125 0.06953125 0.0328125