0 0.53125 0.434375 0.225 0.24375
0 0.95 0.465625 0.1 0.184375
0 0.503125 0.3125 0.05 0.0265625
0 0.12890625 0.434375 0.1859375 0.2890625
0 0.25078125 0.82421875 0.5015625 0.3515625
0 0.7640625 0.64609375 0.209375 0.3546875
0 0.57734375 0.73515625 0.3890625 0.5296875
0 0.5578125 0.3078125 0.11875 0.0828125
0 0.48046875 0.28359375 0.0359375 0.040625
0 0.72734375 0.375 0.0546875 0.0859375
0 0.8265625 0.44296875 0.2640625 0.3125
0 0.14140625 0.2625 0.14375 0.153125
0 0.11796875 0.671875 0.2359375 0.309375
0 0.87109375 0.5109375 0.084375 0.15625