0 0.696875 0.54140625 0.08125 0.103125
0 0.76484375 0.46640625 0.0296875 0.05
0 0.984375 0.578125 0.03125 0.196875
0 0.90078125 0.55859375 0.0734375 0.15
0 0.87421875 0.54453125 0.0875 0.140625
0 0.96796875 0.56015625 0.0640625 0.1765625
0 0.590625 0.47734375 0.0828125 0.1171875
0 0.25234375 0.53671875 0.2328125 0.275
0 0.44453125 0.5203125 0.1734375 0.19375
0 0.821875 0.44921875 0.1109375 0.140625
0 0.5390625 0.49609375 0.0578125 0.1265625
0 0.78046875 0.60625 0.1609375 0.1953125
0 0.959375 0.58359375 0.059375 0.1421875
0 0.9390625 0.5890625 0.0484375 0.1203125
0 0.91796875 0.59140625 0.0546875 0.11875
0 0.75 0.48125 0.0171875 0.0375