0 0.7984375 0.23203125 0.1375 0.2703125
0 0.6203125 0.1 0.09765625 0.17578125
0 0.9015625 0.28671875 0.17734375 0.2890625
0 0.42734375 0.27109375 0.1328125 0.27578125
0 0.5859375 0.74296875 0.32265625 0.38671875
0 0.71796875 0.34765625 0.1015625 0.1328125
0 0.79140625 0.51328125 0.10234375 0.1703125
0 0.9375 0.65078125 0.125 0.16640625
0 0.8828125 0.565625 0.12578125 0.18359375
0 0.53515625 0.30234375 0.09609375 0.1203125
0 0.9421875 0.55078125 0.115625 0.09375
0 0.49375 0.11796875 0.04375 0.04140625
0 0.528125 0.1484375 0.06015625 0.0765625
0 0.70546875 0.22421875 0.0578125 0.0984375
0 0.45390625 0.45390625 0.0359375 0.15625
0 0.965625 0.77421875 0.05703125 0.15546875
0 0.39609375 0.19296875 0.11640625 0.28046875
0 0.9421875 0.28125 0.115625 0.221875
0 0.5234375 0.4875 0.1359375 0.23515625
0 0.390625 0.121875 0.23125 0.09375