0 0.1421875 0.63828125 0.05078125 0.1515625
0 0.18203125 0.58828125 0.12734375 0.13359375
0 0.47890625 0.5828125 0.0875 0.096875
0 0.4109375 0.56015625 0.025 0.06328125
0 0.178125 0.58828125 0.12734375 0.128125
0 0.715625 0.5484375 0.36640625 0.19453125
0 0.9453125 0.56328125 0.1078125 0.10703125
0 0.5203125 0.55390625 0.034375 0.03671875
0 0.93984375 0.56328125 0.1203125 0.1078125
0 0.95703125 0.5171875 0.06015625 0.02109375
0 0.98984375 0.52421875 0.0203125 0.03515625
0 0.87265625 0.5625 0.0484375 0.13671875
0 0.43359375 0.5671875 0.04375 0.0796875