0 0.34765625 0.8046875 0.0515625 0.0828125
0 0.28125 0.78125 0.0578125 0.0546875
0 0.2546875 0.81796875 0.05625 0.0625
0 0.15703125 0.89375 0.0984375 0.11875
0 0.296875 0.91875 0.046875 0.10625
0 0.428125 0.8453125 0.0640625 0.0984375
0 0.06328125 0.8 0.11875 0.1953125
0 0.4484375 0.784375 0.0421875 0.071875
0 0.4625 0.740625 0.0359375 0.03125
0 0.3953125 0.77109375 0.0296875 0.053125
0 0.43515625 0.79609375 0.0515625 0.059375
0 0.31640625 0.7734375 0.0296875 0.0375
0 0.921875 0.7203125 0.0546875 0.0484375
0 0.371875 0.77578125 0.0421875 0.075
0 0.7671875 0.74921875 0.4140625 0.1546875