0 0.084375 0.61640625 0.16875 0.5203125
0 0.96171875 0.54296875 0.0765625 0.1359375
0 0.234375 0.47890625 0.284375 0.35
0 0.29140625 0.3078125 0.1703125 0.15625
0 0.10703125 0.63125 0.2140625 0.440625
0 0.12421875 0.36328125 0.2078125 0.1953125
0 0.1734375 0.2921875 0.134375 0.1328125
0 0.4203125 0.35390625 0.08125 0.0890625
0 0.4609375 0.31328125 0.0859375 0.115625
0 0.8765625 0.43828125 0.0453125 0.071875
0 0.58828125 0.3890625 0.1703125 0.1125
0 0.828125 0.42890625 0.0578125 0.0921875
0 0.36875 0.3578125 0.1421875 0.1578125
0 0.50625 0.3765625 0.9875 0.575