0 0.38359375 0.4375 0.034375 0.0375
0 0.1421875 0.5140625 0.0734375 0.0921875
0 0.303125 0.4640625 0.0265625 0.0296875
0 0.36640625 0.46640625 0.04375 0.0375
0 0.05078125 0.54609375 0.1015625 0.1046875
0 0.33046875 0.44453125 0.046875 0.0203125
0 0.42109375 0.46875 0.028125 0.0328125
0 0.3359375 0.459375 0.0296875 0.0375
0 0.52578125 0.478125 0.034375 0.0421875
0 0.45625 0.43984375 0.028125 0.015625
0 0.525 0.43984375 0.0296875 0.0390625
0 0.07421875 0.50234375 0.0796875 0.071875
0 0.2015625 0.503125 0.0546875 0.0671875
0 0.2828125 0.490625 0.053125 0.05
0 0.37890625 0.465625 0.7578125 0.165625