0 0.84296875 0.796875 0.2265625 0.303125
0 0.46875 0.7578125 0.184375 0.2890625
0 0.6796875 0.7984375 0.1328125 0.1578125
0 0.175 0.7484375 0.04375 0.08125
0 0.209375 0.7640625 0.04375 0.075
0 0.12578125 0.76015625 0.0375 0.0609375
0 0.35 0.79765625 0.084375 0.121875
0 0.1203125 0.68046875 0.015625 0.028125
0 0.9671875 0.78515625 0.0359375 0.1359375
0 0.37265625 0.71484375 0.0671875 0.0984375
0 0.01328125 0.740625 0.0265625 0.146875
0 0.03515625 0.7359375 0.021875 0.0359375
0 0.125 0.6296875 0.0140625 0.021875
0 0.0796875 0.76953125 0.0609375 0.125
0 0.309375 0.7609375 0.0296875 0.05625
0 0.56328125 0.75625 0.0890625 0.16875
0 0.2671875 0.771875 0.078125 0.1265625
0 0.4796875 0.76484375 0.959375 0.3671875