0 0.6171875 0.68359375 0.1265625 0.1359375
0 0.36796875 0.721875 0.134375 0.1203125
0 0.71015625 0.6328125 0.071875 0.084375
0 0.96328125 0.6734375 0.0734375 0.203125
0 0.753125 0.59296875 0.034375 0.0390625
0 0.94921875 0.58671875 0.1015625 0.1671875
0 0.56328125 0.64921875 0.090625 0.09375
0 0.2078125 0.6515625 0.415625 0.696875
0 0.834375 0.559375 0.015625 0.0171875
0 0.91640625 0.5984375 0.0578125 0.084375
0 0.871875 0.55859375 0.040625 0.0390625
0 0.7 0.59140625 0.0296875 0.0265625
0 0.93046875 0.56875 0.1390625 0.128125
0 0.525 0.63125 0.0796875 0.08125