0 0.83203125 0.440625 0.0484375 0.040625
0 0.8171875 0.41953125 0.04375 0.0328125
0 0.84453125 0.4109375 0.034375 0.034375
0 0.79375 0.440625 0.0421875 0.0328125
0 0.78671875 0.48828125 0.178125 0.1765625
0 0.50625 0.5984375 0.1328125 0.15625
0 0.42578125 0.63671875 0.1140625 0.15
0 0.68984375 0.540625 0.1546875 0.165625
0 0.14375 0.7234375 0.1125 0.1546875
0 0.071875 0.75 0.078125 0.1578125
0 0.58515625 0.571875 0.128125 0.1578125
0 0.4953125 0.53046875 0.078125 0.08125
0 0.896875 0.3453125 0.140625 0.08125
0 0.23046875 0.696875 0.1125 0.1515625
0 0.325 0.6828125 0.0703125 0.09375
0 0.99765625 0.44921875 0.0046875 0.0359375
0 0.95859375 0.43828125 0.0828125 0.0609375
0 0.88515625 0.39296875 0.0390625 0.0234375
0 0.78515625 0.428125 0.0515625 0.0390625
0 0.43125 0.5625 0.0734375 0.0984375