0 0.3546875 0.28828125 0.0703125 0.0703125
0 0.271875 0.259375 0.0625 0.0640625
0 0.4796875 0.33984375 0.04375 0.0515625
0 0.3125 0.27265625 0.0484375 0.059375
0 0.20859375 0.2390625 0.071875 0.071875
0 0.165625 0.21796875 0.0921875 0.0796875
0 0.23515625 0.2109375 0.075 0.0484375
0 0.1671875 0.578125 0.334375 0.709375
0 0.24296875 0.57578125 0.44375 0.6421875
0 0.36015625 0.58984375 0.4125 0.6140625
0 0.46328125 0.5984375 0.4015625 0.54375
0 0.55703125 0.61875 0.403125 0.53125
0 0.63046875 0.628125 0.353125 0.43125
0 0.70625 0.65 0.3515625 0.4140625
0 0.715625 0.54375 0.2328125 0.209375
0 0.7765625 0.56171875 0.2984375 0.3546875
0 0.89296875 0.62734375 0.1328125 0.2109375
0 0.4453125 0.315625 0.040625 0.05
0 0.10703125 0.203125 0.0828125 0.0703125
0 0.41328125 0.2890625 0.059375 0.053125
0 0.04921875 0.17578125 0.0515625 0.0703125
0 0.71328125 0.52890625 0.2953125 0.284375
0 0.071875 0.14609375 0.090625 0.0578125
0 0.0921875 0.10546875 0.04375 0.0625
0 0.16953125 0.0984375 0.15 0.1390625