0 0.69140625 0.6515625 0.3625 0.690625
0 0.2578125 0.49765625 0.059375 0.0578125
0 0.24921875 0.46875 0.0515625 0.046875
0 0.23125 0.45859375 0.05 0.0734375
0 0.08671875 0.49453125 0.05625 0.053125
0 0.08046875 0.45390625 0.034375 0.03125
0 0.93125 0.6890625 0.1375 0.20625
0 0.8859375 0.67109375 0.159375 0.1859375
0 0.378125 0.63828125 0.0765625 0.0921875
0 0.01796875 0.6203125 0.025 0.05625
0 0.31328125 0.6546875 0.0296875 0.0625
0 0.32890625 0.65234375 0.034375 0.0609375
0 0.40078125 0.64765625 0.0375 0.0796875
0 0.45859375 0.62421875 0.1125 0.140625
0 0.2671875 0.38203125 0.534375 0.6953125