0 0.0671875 0.5546875 0.025 0.0328125
0 0.03515625 0.58671875 0.0640625 0.0640625
0 0.7953125 0.39765625 0.1171875 0.128125
0 0.93671875 0.44765625 0.1265625 0.1671875
0 0.8609375 0.44453125 0.11875 0.1484375
0 0.23515625 0.55234375 0.1390625 0.0828125
0 0.35 0.49375 0.0265625 0.01875
0 0.3203125 0.50625 0.0375 0.028125
0 0.3171875 0.55859375 0.1078125 0.115625
0 0.35078125 0.51796875 0.0578125 0.0421875
0 0.58203125 0.49921875 0.115625 0.1203125
0 0.4234375 0.55 0.19375 0.196875
0 0.75546875 0.4421875 0.0703125 0.0921875
0 0.26875 0.5109375 0.0453125 0.0328125
0 0.0171875 0.596875 0.025 0.0515625
0 0.0890625 0.5703125 0.0953125 0.090625
0 0.43359375 0.5703125 0.6859375 0.3765625