0 0.00546875 0.56171875 0.0109375 0.1796875
0 0.05625 0.51328125 0.1125 0.1796875
0 0.36875 0.57734375 0.125 0.134375
0 0.2953125 0.534375 0.0453125 0.0796875
0 0.053125 0.5109375 0.10625 0.171875
0 0.653125 0.5953125 0.475 0.3171875
0 0.9125 0.6671875 0.146875 0.1515625
0 0.42421875 0.553125 0.0484375 0.0515625
0 0.90625 0.66640625 0.159375 0.153125
0 0.94140625 0.61953125 0.075 0.0390625
0 0.97421875 0.63359375 0.025 0.04375
0 0.83203125 0.6515625 0.090625 0.1703125
0 0.31953125 0.54765625 0.0703125 0.1046875