0 0.628125 0.625 0.05078125 0.02578125
0 0.54609375 0.8578125 0.128125 0.215625
0 0.6734375 0.68203125 0.12109375 0.05625
0 0.6921875 0.65625 0.0875 0.03359375
0 0.69296875 0.634375 0.08046875 0.03359375
0 0.72109375 0.5578125 0.0359375 0.01953125
0 0.69765625 0.5875 0.0953125 0.04609375
0 0.96875 0.721875 0.0625 0.05625
0 0.975 0.74765625 0.05 0.06640625
0 0.4734375 0.5484375 0.0421875 0.0375
0 0.47421875 0.54921875 0.04140625 0.03984375
0 0.9328125 0.69140625 0.04296875 0.040625
0 0.253125 0.6234375 0.0546875 0.04609375
0 0.96640625 0.69296875 0.0671875 0.0453125