0 0.61953125 0.56640625 0.31875 0.1625
0 0.81171875 0.50859375 0.0203125 0.025
0 0.8796875 0.5296875 0.040625 0.04375
0 0.896875 0.521875 0.03125 0.0375
0 0.82734375 0.5078125 0.0171875 0.021875
0 0.79375 0.5109375 0.0359375 0.034375
0 0.90390625 0.4984375 0.01875 0.009375
0 0.49296875 0.5125 0.115625 0.0703125
0 0.6921875 0.49765625 0.046875 0.034375
0 0.68984375 0.496875 0.046875 0.0359375
0 0.86171875 0.49296875 0.0109375 0.0109375
0 0.86875 0.49296875 0.00625 0.009375
0 0.90234375 0.48828125 0.0078125 0.009375
0 0.8796875 0.48671875 0.00625 0.0125