0 0.45234375 0.71015625 0.9046875 0.5796875
0 0.45078125 0.58828125 0.359375 0.234375
0 0.72265625 0.44921875 0.1703125 0.2953125
0 0.9078125 0.60390625 0.184375 0.5828125
0 0.3640625 0.4421875 0.21875 0.109375
0 0.36015625 0.434375 0.115625 0.08125
0 0.42734375 0.39140625 0.09375 0.08125
0 0.82265625 0.5109375 0.2234375 0.34375
0 0.509375 0.66484375 0.4671875 0.26875
0 0.40859375 0.50234375 0.378125 0.1640625
0 0.38984375 0.4734375 0.26875 0.134375
0 0.5140625 0.3640625 0.1296875 0.1546875
0 0.63203125 0.43515625 0.121875 0.240625