0 0.1578125 0.47890625 0.2171875 0.128125
0 0.14609375 0.59921875 0.1953125 0.303125
0 0.746875 0.4734375 0.0765625 0.1390625
0 0.6375 0.47578125 0.065625 0.13125
0 0.90625 0.45390625 0.034375 0.065625
0 0.8640625 0.46796875 0.0375 0.0671875
0 0.98984375 0.4265625 0.01875 0.04375
0 0.7078125 0.48046875 0.040625 0.08125
0 0.79765625 0.471875 0.05 0.109375
0 0.82265625 0.471875 0.0234375 0.0828125
0 0.83671875 0.4703125 0.025 0.06875
0 0.94375 0.44140625 0.0203125 0.0484375
0 0.96484375 0.43046875 0.028125 0.046875
0 0.6859375 0.44296875 0.0671875 0.0875