0 0.96640625 0.46796875 0.0671875 0.2484375
0 0.38359375 0.565625 0.1125 0.2515625
0 0.9421875 0.7859375 0.115625 0.296875
0 0.3421875 0.55546875 0.0953125 0.2
0 0.9765625 0.33671875 0.0140625 0.0296875
0 0.26875 0.38125 0.0609375 0.04375
0 0.27578125 0.4109375 0.0625 0.0609375
0 0.39765625 0.61796875 0.09375 0.2703125
0 0.32421875 0.45234375 0.0453125 0.04375
0 0.96015625 0.328125 0.0453125 0.04375
0 0.659375 0.45390625 0.64375 0.9078125
0 0.3578125 0.50859375 0.14375 0.2
0 0.29453125 0.4265625 0.0921875 0.0734375
0 0.94765625 0.44140625 0.1046875 0.1953125
0 0.93046875 0.33671875 0.109375 0.0734375