0 0.28984375 0.91015625 0.0421875 0.0390625
0 0.30859375 0.96796875 0.053125 0.0625
0 0.61171875 0.91953125 0.0390625 0.046875
0 0.565625 0.76875 0.01875 0.0265625
0 0.55703125 0.95703125 0.046875 0.06875
0 0.34140625 0.92421875 0.04375 0.0421875
0 0.3515625 0.8421875 0.0359375 0.0328125
0 0.3875 0.80078125 0.0234375 0.0265625
0 0.41875 0.903125 0.0328125 0.053125
0 0.553125 0.90703125 0.0375 0.034375
0 0.69140625 0.878125 0.065625 0.1015625
0 0.615625 0.75625 0.01875 0.025
0 0.234375 0.9765625 0.053125 0.046875
0 0.61796875 0.9578125 0.04375 0.0609375
0 0.5328125 0.76953125 0.4 0.4609375