0 0.8484375 0.53828125 0.303125 0.4515625
0 0.58125 0.38359375 0.2546875 0.2765625
0 0.1578125 0.440625 0.146875 0.253125
0 0.79765625 0.46171875 0.3015625 0.4390625
0 0.759375 0.409375 0.290625 0.4203125
0 0.17890625 0.3421875 0.1609375 0.2140625
0 0.1828125 0.2234375 0.0859375 0.109375
0 0.22421875 0.19296875 0.1015625 0.1078125
0 0.62109375 0.21015625 0.1671875 0.0984375
0 0.08828125 0.4828125 0.1765625 0.8375
0 0.421875 0.2890625 0.2421875 0.40625
0 0.3484375 0.18203125 0.165625 0.240625
0 0.13671875 0.2171875 0.0953125 0.103125
0 0.56953125 0.1890625 0.13125 0.13125