0 0.54765625 0.60390625 0.5109375 0.34609375
0 0.9859375 0.6328125 0.028125 0.07265625
0 0.09296875 0.7 0.1859375 0.16484375
0 0.25 0.68828125 0.14453125 0.13203125
0 0.96484375 0.63984375 0.02578125 0.03828125
0 0.87109375 0.65078125 0.01796875 0.04609375
0 0.9921875 0.7515625 0.015625 0.165625
0 0.834375 0.665625 0.0859375 0.0875
0 0.90703125 0.64921875 0.0328125 0.0421875
0 0.88203125 0.64921875 0.0265625 0.04609375
0 0.92578125 0.646875 0.02421875 0.04140625
0 0.9390625 0.64375 0.0265625 0.040625
0 0.9578125 0.64453125 0.0203125 0.03359375