0 0.50703125 0.8265625 0.9859375 0.346875
0 0.48203125 0.40703125 0.06875 0.053125
0 0.42890625 0.76953125 0.8109375 0.4609375
0 0.4953125 0.64453125 0.5 0.290625
0 0.503125 0.5453125 0.275 0.1671875
0 0.96796875 0.4203125 0.0578125 0.0671875
0 0.49453125 0.5140625 0.20625 0.0671875
0 0.51640625 0.56640625 0.259375 0.1484375
0 0.86171875 0.41875 0.034375 0.046875
0 0.52734375 0.45078125 0.1234375 0.0859375
0 0.54375 0.43515625 0.0890625 0.0703125
0 0.6484375 0.4734375 0.1234375 0.16875
0 0.68125 0.44921875 0.55625 0.1546875