0 0.2203125 0.85546875 0.128125 0.1484375
0 0.3390625 0.840625 0.0671875 0.0828125
0 0.3375 0.81875 0.146875 0.1296875
0 0.39765625 0.79921875 0.0859375 0.1234375
0 0.42734375 0.79375 0.08125 0.1203125
0 0.090625 0.9015625 0.046875 0.11875
0 0.46171875 0.7828125 0.0765625 0.103125
0 0.49765625 0.7921875 0.0546875 0.06875
0 0.83046875 0.85 0.2734375 0.21875
0 0.5078125 0.76328125 0.109375 0.115625
0 0.1328125 0.89765625 0.0921875 0.11875
0 0.85234375 0.7984375 0.2421875 0.234375
0 0.31015625 0.853125 0.0828125 0.09375
0 0.76796875 0.7515625 0.34375 0.2140625