0 0.1609375 0.909375 0.190625 0.1609375
0 0.27265625 0.871875 0.1515625 0.121875
0 0.08828125 0.85 0.034375 0.0296875
0 0.83515625 0.684375 0.0421875 0.0265625
0 0.79296875 0.69453125 0.0484375 0.025
0 0.8890625 0.67265625 0.0203125 0.01875
0 0.91796875 0.665625 0.065625 0.034375
0 0.60390625 0.84296875 0.4140625 0.2671875
0 0.98828125 0.6375 0.0234375 0.03125
0 0.06953125 0.86171875 0.0125 0.0265625
0 0.98828125 0.64140625 0.0234375 0.0234375
0 0.3765625 0.79140625 0.0515625 0.0390625
0 0.5984375 0.8328125 0.4296875 0.2953125