0 0.71484375 0.5484375 0.059375 0.0859375
0 0.70078125 0.4171875 0.02578125 0.04453125
0 0.7046875 0.48671875 0.05078125 0.0484375
0 0.56640625 0.4765625 0.03984375 0.04453125
0 0.5 0.4921875 0.0671875 0.0390625
0 0.6453125 0.47109375 0.0203125 0.03515625
0 0.66171875 0.45625 0.02578125 0.03359375
0 0.62265625 0.4375 0.021875 0.01328125
0 0.625 0.478125 0.03671875 0.05078125
0 0.69453125 0.43125 0.0203125 0.03203125
0 0.7484375 0.534375 0.02890625 0.06015625
0 0.34921875 0.48359375 0.07421875 0.046875
0 0.76953125 0.40859375 0.0140625 0.01796875
0 0.9859375 0.50546875 0.028125 0.03828125
0 0.665625 0.43984375 0.178125 0.10390625