0 0.68828125 0.76875 0.053125 0.059375
0 0.1828125 0.959375 0.171875 0.08125
0 0.43515625 0.8625 0.0703125 0.08125
0 0.340625 0.88359375 0.0625 0.0625
0 0.3625 0.859375 0.040625 0.0453125
0 0.3828125 0.84296875 0.0359375 0.0390625
0 0.47890625 0.8171875 0.040625 0.040625
0 0.953125 0.80703125 0.09375 0.1921875
0 0.503125 0.78515625 0.0203125 0.021875
0 0.61484375 0.7859375 0.0421875 0.046875
0 0.94609375 0.725 0.05625 0.053125
0 0.88984375 0.77265625 0.0265625 0.046875
0 0.778125 0.79140625 0.109375 0.125
0 0.5328125 0.790625 0.934375 0.41875