0 0.1953125 0.47109375 0.040625 0.040625
0 0.24765625 0.6703125 0.075 0.10625
0 0.2109375 0.54296875 0.0453125 0.065625
0 0.6046875 0.69609375 0.0515625 0.0640625
0 0.16875 0.584375 0.0515625 0.071875
0 0.23984375 0.525 0.025 0.0328125
0 0.12578125 0.46796875 0.0171875 0.025
0 0.5203125 0.64140625 0.0515625 0.0609375
0 0.14453125 0.50390625 0.0296875 0.040625
0 0.5796875 0.665625 0.0734375 0.0859375
0 0.85546875 0.81484375 0.1 0.134375
0 0.22578125 0.48515625 0.04375 0.04375
0 0.00859375 0.45078125 0.0171875 0.0734375
0 0.89453125 0.834375 0.0625 0.0984375
0 0.50625 0.62421875 0.0421875 0.065625
0 0.11328125 0.44375 0.0109375 0.015625
0 0.5 0.5203125 1 0.753125