0 0.70234375 0.76484375 0.0671875 0.0453125
0 0.771875 0.7796875 0.0703125 0.04375
0 0.83515625 0.8 0.0734375 0.046875
0 0.021875 0.575 0.028125 0.01875
0 0.70703125 0.76484375 0.071875 0.046875
0 0.42421875 0.6953125 0.05625 0.0359375
0 0.6140625 0.7421875 0.06875 0.0453125
0 0.4796875 0.7109375 0.059375 0.04375
0 0.47890625 0.71015625 0.05625 0.0453125
0 0.425 0.696875 0.0546875 0.0375
0 0.38359375 0.68671875 0.040625 0.03125
0 0.3328125 0.66796875 0.478125 0.1546875
0 0.61953125 0.74453125 0.0671875 0.0453125
0 0.34140625 0.67265625 0.04375 0.0359375