0 0.56953125 0.7671875 0.08125 0.0890625
0 0.28203125 0.96171875 0.1234375 0.0765625
0 0.62578125 0.60625 0.0484375 0.05625
0 0.61328125 0.96953125 0.0921875 0.059375
0 0.13984375 0.96015625 0.0640625 0.0796875
0 0.7578125 0.78203125 0.0765625 0.078125
0 0.76640625 0.71328125 0.078125 0.0953125
0 0.68203125 0.7328125 0.0828125 0.103125
0 0.38125 0.6578125 0.059375 0.059375
0 0.43125 0.64765625 0.059375 0.0640625
0 0.53046875 0.47265625 0.034375 0.0390625
0 0.77421875 0.82265625 0.1015625 0.109375
0 0.68203125 0.7328125 0.0796875 0.1015625