0 0.19453125 0.69296875 0.353125 0.2671875
0 0.33125 0.6421875 0.209375 0.20625
0 0.88125 0.559375 0.2375 0.2625
0 0.86796875 0.5390625 0.2640625 0.234375
0 0.63828125 0.53984375 0.1234375 0.153125
0 0.7328125 0.503125 0.1296875 0.115625
0 0.77578125 0.56171875 0.084375 0.1015625
0 0.12890625 0.8796875 0.134375 0.1625
0 0.790625 0.51640625 0.1609375 0.1390625
0 0.40390625 0.5953125 0.10625 0.1109375
0 0.3640625 0.6078125 0.15 0.1765625
0 0.7375 0.47578125 0.203125 0.1375
0 0.4171875 0.5828125 0.103125 0.0921875
0 0.446875 0.55546875 0.3015625 0.15