0 0.9375 0.7203125 0.125 0.459375
0 0.87734375 0.6828125 0.2453125 0.428125
0 0.828125 0.6296875 0.290625 0.378125
0 0.7140625 0.62578125 0.14375 0.275
0 0.6140625 0.61328125 0.1015625 0.1921875
0 0.13125 0.71875 0.2625 0.48125
0 0.09296875 0.8078125 0.1609375 0.384375
0 0.69296875 0.603125 0.159375 0.25
0 0.59296875 0.60078125 0.14375 0.1796875
0 0.13125 0.5515625 0.1015625 0.14375
0 0.5765625 0.5234375 0.134375 0.0875
0 0.1921875 0.63203125 0.10625 0.2265625
0 0.3515625 0.58359375 0.38125 0.253125