0 0.2609375 0.51875 0.0953125 0.10078125
0 0.72109375 0.7078125 0.18046875 0.1390625
0 0.871875 0.6859375 0.20234375 0.1265625
0 0.8875 0.63203125 0.19296875 0.090625
0 0.55859375 0.596875 0.08671875 0.071875
0 0.48984375 0.5859375 0.06640625 0.0609375
0 0.44765625 0.56953125 0.06015625 0.05
0 0.66171875 0.60390625 0.1140625 0.0953125
0 0.240625 0.57578125 0.06015625 0.0671875
0 0.13671875 0.48125 0.03359375 0.034375
0 0.41171875 0.603125 0.07421875 0.0765625
0 0.0859375 0.6359375 0.10390625 0.09140625
0 0.29296875 0.43125 0.0171875 0.028125
0 0.1046875 0.559375 0.04921875 0.04921875
0 0.2421875 0.48671875 0.29375 0.21015625