0 0.30234375 0.7484375 0.1515625 0.1046875
0 0.40390625 0.7734375 0.0734375 0.0703125
0 0.50859375 0.78203125 0.071875 0.071875
0 0.721875 0.78984375 0.0984375 0.075
0 0.9109375 0.80703125 0.109375 0.059375
0 0.103125 0.73515625 0.1296875 0.0765625
0 0.45546875 0.765625 0.025 0.0375
0 0.84453125 0.7859375 0.1375 0.09375
0 0.5140625 0.74453125 0.06875 0.0265625
0 0.22265625 0.74140625 0.1046875 0.1
0 0.4140625 0.74296875 0.071875 0.0453125
0 0.0265625 0.7140625 0.053125 0.03125
0 0.21875 0.73984375 0.1015625 0.1
0 0.3109375 0.7578125 0.0046875 0.0203125
0 0.653125 0.77734375 0.0625 0.09375