0 0.115625 0.85625 0.23125 0.1875
0 0.54453125 0.92734375 0.1734375 0.1453125
0 0.71015625 0.91015625 0.0625 0.059375
0 0.34375 0.89921875 0.2125 0.1890625
0 0.01328125 0.81640625 0.0265625 0.1546875
0 0.046875 0.81796875 0.09375 0.1328125
0 0.21484375 0.85625 0.1375 0.16875
0 0.0953125 0.76640625 0.0625 0.04375
0 0.30390625 0.81171875 0.05625 0.0640625
0 0.36953125 0.81953125 0.0421875 0.03125
0 0.21953125 0.89375 0.121875 0.1359375
0 0.1875 0.77734375 0.046875 0.034375
0 0.278125 0.7984375 0.0296875 0.03125