0 0.25 0.74765625 0.09375 0.096875
0 0.52578125 0.64921875 0.0546875 0.05625
0 0.58125 0.6375 0.0390625 0.0421875
0 0.63671875 0.53828125 0.0234375 0.028125
0 0.60625 0.93671875 0.109375 0.1203125
0 0.6578125 0.471875 0.021875 0.025
0 0.6421875 0.52265625 0.0203125 0.025
0 0.55859375 0.63359375 0.0265625 0.0296875
0 0.5984375 0.628125 0.025 0.034375
0 0.61796875 0.57109375 0.021875 0.025
0 0.64765625 0.5015625 0.01875 0.0234375
0 0.56875 0.6125 0.03125 0.0296875
0 0.66015625 0.45859375 0.021875 0.021875
0 0.68671875 0.4515625 0.0265625 0.03125