0 0.95 0.728125 0.1 0.23125
0 0.83203125 0.74140625 0.20625 0.165625
0 0.5546875 0.7140625 0.0625 0.071875
0 0.35234375 0.7109375 0.0578125 0.053125
0 0.4203125 0.68671875 0.034375 0.034375
0 0.40078125 0.68671875 0.025 0.0265625
0 0.60625 0.715625 0.06875 0.09375
0 0.71875 0.69140625 0.203125 0.2109375
0 0.50390625 0.7078125 0.0609375 0.0609375
0 0.3546875 0.6765625 0.0203125 0.01875
0 0.31875 0.709375 0.0328125 0.0390625
0 0.3890625 0.68203125 0.0296875 0.034375
0 0.33984375 0.6796875 0.025 0.01875
0 0.2625 0.67734375 0.025 0.021875