0 0.5203125 0.971875 0.103125 0.05625
0 0.40234375 0.9296875 0.09375 0.1078125
0 0.525 0.93359375 0.096875 0.1046875
0 0.584375 0.86953125 0.1359375 0.090625
0 0.24140625 0.8046875 0.175 0.1296875
0 0.78984375 0.85 0.1140625 0.078125
0 0.3296875 0.78828125 0.11875 0.078125
0 0.35390625 0.68203125 0.0359375 0.03125
0 0.40625 0.7171875 0.0421875 0.0484375
0 0.2140625 0.9328125 0.0984375 0.0484375
0 0.89609375 0.95234375 0.0375 0.0640625
0 0.84375 0.91796875 0.11875 0.096875
0 0.10078125 0.88671875 0.0625 0.0765625
0 0.60078125 0.78984375 0.0578125 0.0515625
0 0.48359375 0.7109375 0.9671875 0.578125