0 0.17265625 0.56171875 0.3453125 0.3828125
0 0.44296875 0.5859375 0.2140625 0.19375
0 0.33671875 0.3515625 0.1484375 0.11875
0 0.90078125 0.4328125 0.0625 0.065625
0 0.91015625 0.465625 0.065625 0.075
0 0.8828125 0.51796875 0.0765625 0.0671875
0 0.7875 0.32421875 0.0515625 0.0453125
0 0.70859375 0.5609375 0.5828125 0.4
0 0.7515625 0.43359375 0.2390625 0.1796875
0 0.7234375 0.2703125 0.1046875 0.0796875
0 0.56171875 0.35234375 0.3234375 0.2953125
0 0.9015625 0.48828125 0.053125 0.0484375
0 0.175 0.5640625 0.35 0.38125
0 0.83203125 0.37265625 0.0609375 0.0640625
0 0.8515625 0.39765625 0.040625 0.0359375
0 0.8609375 0.3796875 0.04375 0.0484375