0 0.53671875 0.80546875 0.2296875 0.25
0 0.21875 0.67265625 0.0734375 0.071875
0 0.30546875 0.65703125 0.025 0.0328125
0 0.3265625 0.653125 0.0296875 0.0296875
0 0.2296875 0.65390625 0.065625 0.065625
0 0.45078125 0.77109375 0.084375 0.1265625
0 0.0875 0.63515625 0.084375 0.0921875
0 0.296875 0.6625 0.021875 0.0328125
0 0.17890625 0.6359375 0.0390625 0.06875
0 0.34921875 0.66171875 0.034375 0.0375
0 0.453125 0.69609375 0.053125 0.053125
0 0.63828125 0.81171875 0.096875 0.1234375
0 0.08828125 0.63828125 0.090625 0.0953125
0 0.3734375 0.66328125 0.021875 0.0234375
0 0.12421875 0.63671875 0.0640625 0.08125
0 0.47421875 0.665625 0.0421875 0.028125
0 0.25703125 0.6484375 0.0671875 0.0796875
0 0.35 0.65390625 0.03125 0.0375
0 0.87578125 0.78203125 0.0203125 0.0203125