0 0.26640625 0.3921875 0.5328125 0.409375
0 0.5109375 0.29453125 0.121875 0.0703125
0 0.84296875 0.31328125 0.140625 0.0640625
0 0.43359375 0.26015625 0.146875 0.065625
0 0.81015625 0.415625 0.3796875 0.225
0 0.95546875 0.53671875 0.0890625 0.1171875
0 0.95859375 0.31171875 0.075 0.0421875
0 0.69296875 0.3 0.1671875 0.0828125
0 0.98203125 0.42734375 0.0359375 0.1234375
0 0.2546875 0.2203125 0.109375 0.0390625
0 0.5015625 0.3578125 0.2046875 0.1625
0 0.26484375 0.39140625 0.5296875 0.4078125
0 0.63046875 0.37421875 0.1671875 0.13125