0 0.38828125 0.3671875 0.05859375 0.0453125
0 0.53203125 0.36640625 0.15859375 0.0625
0 0.515625 0.39453125 0.140625 0.08671875
0 0.59140625 0.4015625 0.115625 0.10546875
0 0.67578125 0.3921875 0.153125 0.1359375
0 0.7515625 0.40859375 0.209375 0.13828125
0 0.44609375 0.38984375 0.0421875 0.06171875
0 0.4375 0.37890625 0.053125 0.04375
0 0.34453125 0.36015625 0.05 0.0375
0 0.58671875 0.37265625 0.08359375 0.03984375
0 0.53203125 0.36640625 0.165625 0.0703125
0 0.16171875 0.4234375 0.03515625 0.05703125
0 0.11484375 0.52890625 0.21796875 0.44921875
0 0.8828125 0.3828125 0.23359375 0.2
0 0.46171875 0.3625 0.8359375 0.12109375