0 0.55625 0.63203125 0.0515625 0.0625
0 0.4375 0.61953125 0.05625 0.075
0 0.746875 0.596875 0.0796875 0.084375
0 0.56171875 0.77421875 0.165625 0.1703125
0 0.89375 0.61796875 0.0703125 0.0703125
0 0.9296875 0.5390625 0.05625 0.0546875
0 0.425 0.48671875 0.08125 0.0640625
0 0.11171875 0.51328125 0.1328125 0.096875
0 0.26796875 0.759375 0.203125 0.19375
0 0.11328125 0.89765625 0.2265625 0.1203125
0 0.03515625 0.4671875 0.0703125 0.06875
0 0.77890625 0.47109375 0.0390625 0.028125
0 0.98828125 0.52421875 0.0234375 0.0328125
0 0.60390625 0.4703125 0.05625 0.0515625