0 0.05234375 0.80625 0.0609375 0.059375
0 0.15390625 0.82890625 0.0234375 0.025
0 0.45703125 0.9015625 0.034375 0.0390625
0 0.85 0.96015625 0.109375 0.0796875
0 0.1765625 0.83203125 0.021875 0.025
0 0.02421875 0.8015625 0.03125 0.04375
0 0.63828125 0.940625 0.11875 0.11875
0 0.4015625 0.87890625 0.0703125 0.084375
0 0.0921875 0.80859375 0.040625 0.0484375
0 0.34453125 0.86875 0.0375 0.0421875
0 0.84921875 0.96015625 0.1109375 0.0796875
0 0.21171875 0.84375 0.0265625 0.0265625
0 0.18984375 0.834375 0.015625 0.0203125