0 0.44765625 0.4625 0.08125 0.065625
0 0.76484375 0.48671875 0.05625 0.075
0 0.89296875 0.48515625 0.109375 0.08125
0 0.0421875 0.51796875 0.084375 0.1046875
0 0.51484375 0.459375 0.05 0.0703125
0 0.79609375 0.4609375 0.01875 0.0265625
0 0.4734375 0.46171875 0.034375 0.065625
0 0.06640625 0.4546875 0.034375 0.0171875
0 0.49296875 0.44765625 0.05 0.05
0 0.02109375 0.4703125 0.0421875 0.0734375
0 0.30703125 0.51015625 0.19375 0.18125
0 0.84609375 0.4625 0.0890625 0.0921875
0 0.740625 0.45 0.096875 0.0390625
0 0.53984375 0.49375 0.9203125 0.2