0 0.2359375 0.88046875 0.078125 0.0546875
0 0.54765625 0.9625 0.1109375 0.0703125
0 0.25 0.84609375 0.053125 0.0265625
0 0.3171875 0.853125 0.0453125 0.0359375
0 0.44375 0.8828125 0.040625 0.03125
0 0.4390625 0.8671875 0.05 0.0390625
0 0.46015625 0.9046875 0.053125 0.0484375
0 0.26328125 0.8234375 0.034375 0.021875
0 0.32421875 0.83359375 0.0421875 0.0328125
0 0.54609375 0.98125 0.1265625 0.0375
0 0.25625 0.86796875 0.0875 0.0515625
0 0.26640625 0.840625 0.0328125 0.0234375
0 0.29375 0.81875 0.1125 0.059375