0 0.20234375 0.65390625 0.23984375 0.175
0 0.4640625 0.58828125 0.08046875 0.1125
0 0.52578125 0.575 0.0828125 0.1
0 0.88203125 0.5328125 0.0484375 0.0625
0 0.3546875 0.5953125 0.1625 0.16484375
0 0.8109375 0.53671875 0.0203125 0.040625
0 0.82265625 0.5359375 0.021875 0.0453125
0 0.975 0.55078125 0.04921875 0.09140625
0 0.75859375 0.53125 0.025 0.0609375
0 0.55859375 0.56328125 0.02421875 0.084375
0 0.79375 0.5390625 0.03125 0.04453125
0 0.77734375 0.5375 0.01953125 0.0484375
0 0.9515625 0.5359375 0.0140625 0.04921875
0 0.84453125 0.52578125 0.0296875 0.07265625