0 0.38984375 0.5203125 0.0953125 0.115625
0 0.23984375 0.5390625 0.090625 0.0953125
0 0.23203125 0.4609375 0.05625 0.0609375
0 0.42890625 0.409375 0.03125 0.04375
0 0.71015625 0.4265625 0.04375 0.04375
0 0.890625 0.58046875 0.21875 0.1296875
0 0.3625 0.41015625 0.03125 0.0328125
0 0.66640625 0.409375 0.021875 0.028125
0 0.68671875 0.4140625 0.01875 0.0328125
0 0.70859375 0.3984375 0.028125 0.01875
0 0.96484375 0.46796875 0.0703125 0.06875
0 0.22421875 0.50078125 0.065625 0.0453125
0 0.2390625 0.43046875 0.046875 0.03125