0 0.92734375 0.5796875 0.14296875 0.21953125
0 0.33828125 0.58984375 0.071875 0.21796875
0 0.88671875 0.86171875 0.2265625 0.253125
0 0.30234375 0.575 0.0625 0.17265625
0 0.91328125 0.46171875 0.04375 0.02734375
0 0.25859375 0.4109375 0.05078125 0.0328125
0 0.26171875 0.4390625 0.05078125 0.0484375
0 0.34375 0.6375 0.05234375 0.23828125
0 0.3 0.48125 0.0359375 0.034375
0 0.8984375 0.45234375 0.0671875 0.034375
0 0.59921875 0.515625 0.47578125 0.77734375
0 0.32265625 0.5359375 0.1078125 0.16640625
0 0.27578125 0.4546875 0.07578125 0.05625
0 0.85859375 0.55078125 0.07421875 0.16640625
0 0.90390625 0.45546875 0.1890625 0.05390625