0 0.1453125 0.64296875 0.0828125 0.084375
0 0.53359375 0.55859375 0.190625 0.190625
0 0.45078125 0.57265625 0.0578125 0.078125
0 0.965625 0.79453125 0.06875 0.2453125
0 0.1859375 0.62421875 0.0703125 0.0734375
0 0.0796875 0.6671875 0.1296875 0.125
0 0.21328125 0.61328125 0.0453125 0.05625
0 0.21953125 0.60390625 0.0609375 0.0640625
0 0.25234375 0.59453125 0.0328125 0.0421875
0 0.271875 0.5859375 0.028125 0.0328125
0 0.31015625 0.571875 0.0296875 0.0296875
0 0.44140625 0.55625 0.075 0.0875
0 0.2875 0.57890625 0.0265625 0.0359375
0 0.49921875 0.41953125 0.9984375 0.7265625