0 0.12265625 0.26953125 0.0078125 0.0125
0 0.06953125 0.2734375 0.015625 0.01875
0 0.0359375 0.2765625 0.01875 0.0109375
0 0.159375 0.6859375 0.1453125 0.0984375
0 0.5515625 0.27265625 0.0359375 0.0296875
0 0.10234375 0.2703125 0.01875 0.0234375
0 0.1234375 0.2671875 0.0359375 0.0296875
0 0.409375 0.2546875 0.03125 0.025
0 0.0546875 0.27265625 0.01875 0.015625
0 0.10078125 0.26953125 0.0171875 0.0203125
0 0.1140625 0.2703125 0.0140625 0.0171875
0 0.1421875 0.26015625 0.0296875 0.0203125
0 0.0703125 0.26875 0.0171875 0.0265625