0 0.5453125 0.74375 0.01875 0.0140625
0 0.51171875 0.7609375 0.0203125 0.0140625
0 0.5078125 0.728125 0.0171875 0.0109375
0 0.60625 0.7453125 0.0234375 0.015625
0 0.5734375 0.73671875 0.0171875 0.0125
0 0.596875 0.740625 0.0171875 0.0125
0 0.5796875 0.7546875 0.021875 0.0125
0 0.55 0.725 0.015625 0.0109375
0 0.48828125 0.72734375 0.0203125 0.0125
0 0.4515625 0.721875 0.0296875 0.0109375
0 0.5390625 0.7296875 0.0171875 0.0109375
0 0.671875 0.72578125 0.0125 0.009375
0 0.30390625 0.85 0.0140625 0.0140625
0 0.44296875 0.7921875 0.134375 0.1578125