0 0.40234375 0.78828125 0.1515625 0.05703125
0 0.1734375 0.78203125 0.1046875 0.05859375
0 0.24921875 0.77578125 0.071875 0.03125
0 0.46015625 0.77265625 0.0609375 0.0375
0 0.91796875 0.8140625 0.16328125 0.165625
0 0.653125 0.8984375 0.11953125 0.1296875
0 0.084375 0.76875 0.03046875 0.0171875
0 0.55546875 0.78203125 0.06640625 0.03984375
0 0.025 0.759375 0.0171875 0.009375
0 0.76875 0.80234375 0.2171875 0.10234375
0 0.03828125 0.7859375 0.07578125 0.0484375
0 0.0765625 0.75859375 0.0484375 0.0234375