0 0.0375 0.69140625 0.075 0.0953125
0 0.09296875 0.69296875 0.0375 0.0640625
0 0.55234375 0.7796875 0.03125 0.0296875
0 0.60859375 0.7828125 0.0359375 0.0359375
0 0.059375 0.67890625 0.078125 0.09375
0 0.1265625 0.7015625 0.05 0.0421875
0 0.21953125 0.70625 0.0109375 0.0171875
0 0.00859375 0.671875 0.0171875 0.13125
0 0.20390625 0.7109375 0.021875 0.03125
0 0.7078125 0.7921875 0.0125 0.0109375
0 0.153125 0.7 0.071875 0.0578125
0 0.66484375 0.78984375 0.0515625 0.04375
0 0.72890625 0.7921875 0.0140625 0.0171875