0 0.78359375 0.6125 0.11875 0.121875
0 0.9046875 0.6390625 0.125 0.1265625
0 0.7703125 0.41015625 0.2171875 0.134375
0 0.67265625 0.9359375 0.1375 0.1265625
0 0.40703125 0.840625 0.128125 0.1296875
0 0.57890625 0.903125 0.128125 0.1234375
0 0.0328125 0.6125 0.065625 0.090625
0 0.2234375 0.5296875 0.090625 0.0953125
0 0.3515625 0.7671875 0.08125 0.0953125
0 0.5171875 0.86796875 0.15625 0.1546875
0 0.0296875 0.6890625 0.059375 0.128125
0 0.4453125 0.80859375 0.0890625 0.096875
0 0.95703125 0.63984375 0.06875 0.0921875
0 0.19921875 0.7734375 0.3546875 0.2