0 0.78125 0.82734375 0.4375 0.3125
0 0.6234375 0.728125 0.1734375 0.16328125
0 0.178125 0.71953125 0.203125 0.1640625
0 0.53359375 0.6703125 0.08203125 0.07578125
0 0.31796875 0.828125 0.09140625 0.1984375
0 0.53671875 0.6296875 0.05859375 0.0296875
0 0.5015625 0.63828125 0.01796875 0.03125
0 0.40625 0.64296875 0.03515625 0.04921875
0 0.378125 0.653125 0.0359375 0.05546875
0 0.66328125 0.65 0.11328125 0.03828125
0 0.47421875 0.6296875 0.01171875 0.01640625
0 0.5625 0.684375 0.08515625 0.08671875
0 0.3546875 0.6625 0.05 0.06796875
0 0.540625 0.6359375 0.06953125 0.0234375