0 0.0671875 0.71328125 0.134375 0.3796875
0 0.9390625 0.690625 0.121875 0.415625
0 0.89609375 0.675 0.2078125 0.415625
0 0.8390625 0.60859375 0.321875 0.3578125
0 0.81640625 0.5734375 0.340625 0.325
0 0.6921875 0.5453125 0.1203125 0.2359375
0 0.296875 0.7546875 0.1078125 0.196875
0 0.128125 0.79296875 0.2046875 0.2796875
0 0.65 0.5453125 0.1234375 0.2265625
0 0.621875 0.53125 0.0859375 0.1765625
0 0.39765625 0.46796875 0.071875 0.096875
0 0.61015625 0.52578125 0.0796875 0.175
0 0.5953125 0.51015625 0.0828125 0.1421875
0 0.5734375 0.61015625 0.015625 0.028125
0 0.5640625 0.4953125 0.0859375 0.109375
0 0.446875 0.49609375 0.0921875 0.103125
0 0.50625 0.51875 0.0859375 0.1015625