0 0.459375 0.0390625 0.028125 0.0234375
0 0.48515625 0.05703125 0.04375 0.034375
0 0.37890625 0.02265625 0.028125 0.025
0 0.3875 0.03515625 0.03125 0.0265625
0 0.22890625 0.13515625 0.0875 0.053125
0 0.340625 0.13828125 0.253125 0.15
0 0.4390625 0.0296875 0.0265625 0.01875
0 0.77890625 0.234375 0.125 0.1265625
0 0.065625 0.4203125 0.1203125 0.0828125
0 0.2890625 0.4375 0.103125 0.075
0 0.35703125 0.0125 0.0359375 0.025
0 0.5015625 0.071875 0.028125 0.028125
0 0.4953125 0.06796875 0.03125 0.028125
0 0.54765625 0.065625 0.03125 0.0296875
0 0.359375 0.01640625 0.028125 0.0265625
0 0.51796875 0.08203125 0.046875 0.034375
0 0.43046875 0.0265625 0.0265625 0.021875
0 0.484375 0.06015625 0.0390625 0.0453125