0 0.1078125 0.5375 0.215625 0.225
0 0.05 0.403125 0.096875 0.1078125
0 0.453125 0.48828125 0.1765625 0.1296875
0 0.371875 0.51640625 0.10625 0.1375
0 0.46171875 0.40703125 0.1140625 0.0734375
0 0.53046875 0.39609375 0.103125 0.0765625
0 0.18359375 0.890625 0.3671875 0.175
0 0.49921875 0.4515625 0.08125 0.06875
0 0.21171875 0.359375 0.1296875 0.06875
0 0.6640625 0.4265625 0.1109375 0.0671875
0 0.2125 0.49921875 0.325 0.253125
0 0.14921875 0.4 0.2 0.1328125
0 0.64140625 0.31796875 0.0734375 0.0703125
0 0.57734375 0.3609375 0.071875 0.0484375
0 0.615625 0.34296875 0.06875 0.0515625
0 0.35234375 0.4 0.2234375 0.121875
0 0.3734375 0.52421875 0.746875 0.6546875