0 0.578125 0.6265625 0.07578125 0.18984375
0 0.17109375 0.67734375 0.27578125 0.29765625
0 0.64609375 0.60390625 0.0578125 0.1234375
0 0.6859375 0.590625 0.0359375 0.0875
0 0.7234375 0.5609375 0.03828125 0.08046875
0 0.96171875 0.5375 0.0765625 0.0890625
0 0.54375 0.53046875 0.16875 0.06328125
0 0.79140625 0.55234375 0.03984375 0.02734375
0 0.94453125 0.525 0.1109375 0.084375
0 0.87578125 0.53125 0.0265625 0.028125
0 0.3984375 0.5390625 0.0328125 0.0421875
0 0.26640625 0.534375 0.03125 0.078125
0 0.334375 0.5375 0.01484375 0.04375
0 0.36484375 0.540625 0.009375 0.04375
0 0.31875 0.53828125 0.01484375 0.046875
0 0.88671875 0.546875 0.05 0.0390625
0 0.23828125 0.54375 0.02890625 0.02734375