0 0.79453125 0.72890625 0.0890625 0.0546875
0 0.09609375 0.67421875 0.1265625 0.0640625
0 0.16875 0.6828125 0.09375 0.046875
0 0.38984375 0.70625 0.084375 0.0578125
0 0.58671875 0.7140625 0.0359375 0.04375
0 0.61796875 0.70703125 0.1 0.0546875
0 0.51328125 0.69296875 0.128125 0.0921875
0 0.67578125 0.7140625 0.1 0.06875
0 0.3046875 0.69921875 0.13125 0.078125
0 0.86171875 0.7390625 0.0921875 0.0578125
0 0.7375 0.72734375 0.075 0.05
0 0.9546875 0.73984375 0.0546875 0.046875
0 0.24375 0.68359375 0.084375 0.0546875
0 0.04453125 0.6796875 0.0890625 0.053125
0 0.30546875 0.6984375 0.1296875 0.075
0 0.4484375 0.71015625 0.0625 0.0546875
0 0.44375 0.7125 0.1078125 0.0921875