0 0.08515625 0.703125 0.1703125 0.215625
0 0.6921875 0.59140625 0.071875 0.08125
0 0.57578125 0.78359375 0.171875 0.2265625
0 0.8796875 0.84609375 0.1390625 0.159375
0 0.7671875 0.78671875 0.0703125 0.1
0 0.1390625 0.21484375 0.0484375 0.065625
0 0.38828125 0.75078125 0.1671875 0.2546875
0 0.715625 0.7671875 0.0953125 0.078125
0 0.846875 0.803125 0.146875 0.1984375
0 0.27109375 0.734375 0.084375 0.1796875
0 0.328125 0.7296875 0.1421875 0.2359375
0 0.6984375 0.81640625 0.1171875 0.13125
0 0.54765625 0.3953125 0.0828125 0.1046875
0 0.48203125 0.82578125 0.071875 0.1125
0 0.940625 0.809375 0.01875 0.05
0 0.440625 0.81640625 0.0625 0.1203125
0 0.1984375 0.2375 0.09375 0.0671875