0 0.68203125 0.93203125 0.1328125 0.1359375
0 0.859375 0.90703125 0.0953125 0.1
0 0.78046875 0.559375 0.04375 0.0421875
0 0.7296875 0.54296875 0.0375 0.034375
0 0.396875 0.7515625 0.115625 0.1140625
0 0.803125 0.51953125 0.0296875 0.028125
0 0.94453125 0.53046875 0.0265625 0.0203125
0 0.96953125 0.63984375 0.028125 0.0328125
0 0.71953125 0.715625 0.1515625 0.153125
0 0.840625 0.453125 0.0296875 0.040625
0 0.790625 0.53984375 0.0421875 0.0328125
0 0.73046875 0.4921875 0.025 0.0296875
0 0.7671875 0.4921875 0.0359375 0.0328125
0 0.88671875 0.7828125 0.1203125 0.1234375
0 0.484375 0.67890625 0.0921875 0.08125
0 0.8265625 0.43125 0.021875 0.0203125
0 0.74140625 0.575 0.5171875 0.546875