0 0.4984375 0.9546875 0.1015625 0.06015625
0 0.65546875 0.959375 0.11796875 0.0625
0 0.315625 0.93359375 0.08359375 0.0515625
0 0.28671875 0.875 0.059375 0.0390625
0 0.88203125 0.96328125 0.10703125 0.06796875
0 0.6625 0.88125 0.05546875 0.0296875
0 0.6328125 0.86953125 0.04375 0.02578125
0 0.5796875 0.85859375 0.046875 0.0234375
0 0.76171875 0.92890625 0.08359375 0.0484375
0 0.53828125 0.8671875 0.04765625 0.03046875
0 0.94453125 0.96640625 0.059375 0.0671875
0 0.35625 0.94375 0.0859375 0.0484375
0 0.10703125 0.93203125 0.115625 0.021875
0 0.49921875 0.91875 0.99765625 0.159375