0 0.121875 0.7046875 0.0859375 0.0953125
0 0.3421875 0.7484375 0.0796875 0.0734375
0 0.309375 0.73125 0.071875 0.0703125
0 0.2765625 0.7296875 0.03125 0.0484375
0 0.64921875 0.8140625 0.0734375 0.075
0 0.5125 0.7546875 0.2859375 0.2953125
0 0.778125 0.85703125 0.2765625 0.23125
0 0.04609375 0.65546875 0.0203125 0.021875
0 0.05390625 0.6671875 0.0171875 0.03125
0 0.21328125 0.68984375 0.03125 0.0203125
0 0.2890625 0.70703125 0.0296875 0.0296875
0 0.015625 0.690625 0.03125 0.171875
0 0.084375 0.675 0.06875 0.0859375