0 0.52734375 0.57265625 0.034375 0.0390625
0 0.51328125 0.83515625 0.046875 0.0625
0 0.565625 0.5625 0.03125 0.0421875
0 0.6125 0.65078125 0.0328125 0.0375
0 0.6140625 0.63359375 0.028125 0.0265625
0 0.621875 0.6109375 0.028125 0.03125
0 0.56953125 0.53984375 0.025 0.021875
0 0.596875 0.7078125 0.034375 0.0453125
0 0.48828125 0.7046875 0.06875 0.1015625
0 0.56015625 0.66796875 0.05625 0.0953125
0 0.5203125 0.6421875 0.059375 0.0859375
0 0.6484375 0.4234375 0.0296875 0.040625
0 0.603125 0.6796875 0.025 0.01875
0 0.62734375 0.57734375 0.0265625 0.034375
0 0.575 0.52578125 0.0203125 0.0265625
0 0.6203125 0.4640625 0.01875 0.0203125
0 0.6078125 0.49375 0.0296875 0.0453125
0 0.640625 0.48046875 0.0375 0.0609375
0 0.5640625 0.48203125 0.01875 0.0203125
0 0.59921875 0.51796875 0.38125 0.4734375