0 0.6 0.59296875 0.0484375 0.02265625
0 0.6796875 0.59375 0.04765625 0.028125
0 0.8234375 0.5953125 0.03828125 0.01796875
0 0.5328125 0.5953125 0.0546875 0.0234375
0 0.928125 0.59609375 0.0328125 0.01796875
0 0.98984375 0.59453125 0.0203125 0.01484375
0 0.77265625 0.59609375 0.03671875 0.01796875
0 0.34609375 0.5875 0.0734375 0.03828125
0 0.6375 0.5953125 0.03515625 0.01953125
0 0.72578125 0.596875 0.040625 0.02109375
0 0.88125 0.59453125 0.03046875 0.021875
0 0.9578125 0.59609375 0.02421875 0.0171875