0 0.3890625 0.33984375 0.109375 0.078125
0 0.21953125 0.29765625 0.1265625 0.08125
0 0.9859375 0.53359375 0.028125 0.1046875
0 0.85546875 0.465625 0.059375 0.06875
0 0.6890625 0.41796875 0.021875 0.021875
0 0.97109375 0.52578125 0.0578125 0.0859375
0 0.9515625 0.5 0.096875 0.0984375
0 0.5484375 0.37578125 0.0828125 0.065625
0 0.6421875 0.40703125 0.0234375 0.0265625
0 0.4640625 0.3609375 0.0453125 0.0328125
0 0.6546875 0.4046875 0.028125 0.0328125
0 0.39140625 0.34140625 0.1109375 0.084375
0 0.7640625 0.42734375 0.0390625 0.0453125
0 0.6140625 0.39453125 0.0546875 0.0515625
0 0.8796875 0.48359375 0.034375 0.05
0 0.90703125 0.48671875 0.0640625 0.0796875
0 0.76171875 0.4359375 0.3734375 0.1828125