0 0.61328125 0.878125 0.2921875 0.24375
0 0.6515625 0.71796875 0.2015625 0.2796875
0 0.153125 0.80859375 0.30625 0.2828125
0 0.26328125 0.6734375 0.115625 0.1359375
0 0.15546875 0.575 0.125 0.134375
0 0.33828125 0.60625 0.0984375 0.10625
0 0.834375 0.42578125 0.090625 0.065625
0 0.66484375 0.42421875 0.1109375 0.0828125
0 0.57265625 0.56171875 0.121875 0.1546875
0 0.44765625 0.440625 0.0578125 0.071875
0 0.4765625 0.43359375 0.053125 0.0734375
0 0.35703125 0.88203125 0.1484375 0.2078125
0 0.50625 0.53125 0.05625 0.071875
0 0.53125 0.39375 0.05 0.0390625
0 0.42578125 0.55703125 0.071875 0.084375
0 0.2953125 0.53984375 0.0921875 0.09375
0 0.6828125 0.51328125 0.0546875 0.05625
0 0.65625 0.5265625 0.0609375 0.0703125
0 0.67265625 0.57265625 0.05 0.04375
0 0.721875 0.5390625 0.059375 0.059375
0 0.8296875 0.46875 0.0703125 0.05
0 0.5421875 0.46328125 0.071875 0.1015625
0 0.44921875 0.7546875 0.115625 0.153125
0 0.51484375 0.42421875 0.653125 0.409375