0 0.6609375 0.3484375 0.125 0.2109375
0 0.52421875 0.628125 0.36875 0.365625
0 0.79609375 0.30078125 0.22265625 0.2515625
0 0.43046875 0.7890625 0.85703125 0.39765625
0 0.5671875 0.34609375 0.12890625 0.1859375
0 0.68828125 0.24453125 0.06328125 0.05390625
0 0.4625 0.27265625 0.065625 0.11171875
0 0.37421875 0.18359375 0.0375 0.04453125
0 0.3578125 0.27421875 0.06796875 0.1453125
0 0.2171875 0.57734375 0.434375 0.3953125
0 0.91796875 0.7578125 0.1640625 0.44921875
0 0.90859375 0.44140625 0.1828125 0.2171875
0 0.93984375 0.128125 0.10390625 0.11484375
0 0.54140625 0.23125 0.059375 0.06015625
0 0.5 0.56484375 0.996875 0.865625