0 0.56875 0.57421875 0.3234375 0.2484375
0 0.35625 0.80703125 0.3015625 0.20234375
0 0.64375 0.69921875 0.19140625 0.1515625
0 0.075 0.928125 0.15 0.14375
0 0.0296875 0.7203125 0.059375 0.11875
0 0.915625 0.56875 0.13203125 0.125
0 0.80078125 0.61796875 0.15625 0.14296875
0 0.84609375 0.53203125 0.05078125 0.0640625
0 0.9484375 0.4140625 0.05234375 0.04296875
0 0.271875 0.69609375 0.26328125 0.153125
0 0.971875 0.52890625 0.025 0.07109375
0 0.85234375 0.4859375 0.06171875 0.0390625
0 0.8984375 0.396875 0.034375 0.0421875