0 0.88046875 0.52890625 0.0171875 0.0375
0 0.42890625 0.1640625 0.0390625 0.0296875
0 0.48515625 0.16484375 0.0421875 0.0328125
0 0.6453125 0.8703125 0.0203125 0.0484375
0 0.83046875 0.38359375 0.08125 0.134375
0 0.91640625 0.290625 0.06875 0.10625
0 0.40546875 0.271875 0.0984375 0.1359375
0 0.42734375 0.515625 0.065625 0.078125
0 0.3734375 0.459375 0.0578125 0.071875
0 0.40234375 0.415625 0.0625 0.06875
0 0.540625 0.64375 0.05 0.0640625
0 0.46796875 0.353125 0.05 0.05
0 0.48046875 0.328125 0.0546875 0.05625
0 0.50390625 0.309375 0.0484375 0.053125
0 0.73046875 0.5890625 0.0671875 0.0828125
0 0.571875 0.325 0.0484375 0.0609375
0 0.33984375 0.67421875 0.0609375 0.06875
0 0.8171875 0.57578125 0.0734375 0.08125
0 0.43984375 0.37578125 0.053125 0.0578125
0 0.86875 0.33828125 0.084375 0.1203125
0 0.93671875 0.22109375 0.075 0.0765625
0 0.46953125 0.73046875 0.0625 0.0828125
0 0.7578125 0.28203125 0.0578125 0.0703125
0 0.84921875 0.11875 0.0515625 0.0515625
0 0.009375 0.86875 0.01875 0.090625
0 0.48125 0.44765625 0.0578125 0.0703125
0 0.6640625 0.190625 0.0953125 0.071875
0 0.05625 0.91015625 0.0859375 0.103125
0 0.16875 0.671875 0.0640625 0.090625
0 0.86796875 0.334375 0.065625 0.1046875
0 0.5 0.428125 1 0.85625