0 0.37265625 0.91484375 0.10234375 0.16171875
0 0.44921875 0.88671875 0.09375 0.134375
0 0.52734375 0.8640625 0.103125 0.128125
0 0.59921875 0.84921875 0.11875 0.13046875
0 0.6984375 0.93359375 0.146875 0.11484375
0 0.7765625 0.79609375 0.11171875 0.08828125
0 0.840625 0.88828125 0.14609375 0.10625
0 0.75859375 0.90625 0.1546875 0.1515625
0 0.603125 0.946875 0.13046875 0.10625
0 0.97578125 0.90234375 0.0484375 0.07734375
0 0.88984375 0.871875 0.128125 0.0953125
0 0.51484375 0.94453125 0.1234375 0.1109375
0 0.95078125 0.78984375 0.0984375 0.07890625
0 0.5203125 0.790625 0.95625 0.41484375