0 0.4265625 0.971875 0.03671875 0.03359375
0 0.59140625 0.94453125 0.02578125 0.02109375
0 0.55625 0.9453125 0.0203125 0.01640625
0 0.37734375 0.97890625 0.0828125 0.0421875
0 0.321875 0.98828125 0.0515625 0.02265625
0 0.57265625 0.9390625 0.02421875 0.0171875
0 0.59140625 0.98046875 0.0390625 0.0390625
0 0.43125 0.95703125 0.02109375 0.01171875
0 0.60859375 0.934375 0.01328125 0.0203125
0 0.290625 0.98984375 0.053125 0.01953125
0 0.6125 0.97734375 0.046875 0.04375
0 0.52265625 0.97265625 0.0796875 0.05390625