0 0.4046875 0.8640625 0.809375 0.271875
0 0.275 0.70859375 0.2046875 0.1203125
0 0.50859375 0.7125 0.11875 0.10625
0 0.621875 0.7109375 0.0953125 0.1046875
0 0.6484375 0.69296875 0.1046875 0.1109375
0 0.78828125 0.66171875 0.075 0.0546875
0 0.87890625 0.7 0.0765625 0.0984375
0 0.875 0.6390625 0.05625 0.0375
0 0.7546875 0.79609375 0.2140625 0.2359375
0 0.4421875 0.70234375 0.1015625 0.121875
0 0.528125 0.70859375 0.1140625 0.125
0 0.35703125 0.69453125 0.2046875 0.190625
0 0.71328125 0.63984375 0.040625 0.03125
0 0.778125 0.734375 0.334375 0.2890625