0 0.1953125 0.9953125 0.021875 0.009375
0 0.16796875 0.9265625 0.0203125 0.0390625
0 0.1796875 0.96640625 0.021875 0.0390625
0 0.68125 0.884375 0.0328125 0.0328125
0 0.5546875 0.91171875 0.0390625 0.046875
0 0.64609375 0.94453125 0.046875 0.04375
0 0.67734375 0.8578125 0.0421875 0.0484375
0 0.61015625 0.93515625 0.0328125 0.0328125
0 0.803125 0.77109375 0.0265625 0.025
0 0.82890625 0.75703125 0.028125 0.0265625
0 0.87890625 0.7359375 0.0546875 0.0625
0 0.58828125 0.88984375 0.040625 0.0421875
0 0.58515625 0.915625 0.04375 0.05
0 0.5 0.503125 1 0.99375