0 0.59921875 0.72265625 0.1984375 0.228125
0 0.8296875 0.64765625 0.046875 0.0390625
0 0.7578125 0.678125 0.07578125 0.09375
0 0.64140625 0.665625 0.13515625 0.1625
0 0.37578125 0.71015625 0.2578125 0.31875
0 0.9640625 0.63828125 0.05078125 0.03984375
0 0.09375 0.73671875 0.078125 0.215625
0 0.87421875 0.58125 0.02421875 0.0234375
0 0.84765625 0.5984375 0.02109375 0.0328125
0 0.86171875 0.609375 0.01953125 0.03125
0 0.3765625 0.70546875 0.25859375 0.31171875
0 0.75859375 0.6765625 0.07734375 0.0921875