0 0.7671875 0.471875 0.0765625 0.08203125
0 0.87109375 0.4609375 0.08125 0.08515625
0 0.7015625 0.31484375 0.17265625 0.0609375
0 0.76796875 0.76015625 0.09375 0.08046875
0 0.5296875 0.75703125 0.084375 0.08671875
0 0.68359375 0.759375 0.0859375 0.0796875
0 0.1640625 0.6796875 0.053125 0.06171875
0 0.29921875 0.56015625 0.05859375 0.065625
0 0.46640625 0.71328125 0.0484375 0.06796875
0 0.62578125 0.7484375 0.103125 0.103125
0 0.16484375 0.74921875 0.0796875 0.0859375
0 0.5515625 0.72109375 0.05625 0.06640625
0 0.93125 0.44765625 0.07265625 0.06796875
0 0.346875 0.76015625 0.2875 0.07890625