0 0.628125 0.88125 0.153125 0.125
0 0.53203125 0.85859375 0.0640625 0.0671875
0 0.48515625 0.82734375 0.0390625 0.040625
0 0.57890625 0.78984375 0.0375 0.0390625
0 0.8 0.85703125 0.153125 0.15
0 0.546875 0.81171875 0.0390625 0.040625
0 0.4375 0.878125 0.059375 0.06875
0 0.54140625 0.83984375 0.0546875 0.05625
0 0.53359375 0.803125 0.034375 0.0328125
0 0.55859375 0.765625 0.028125 0.0328125
0 0.50625 0.75 0.021875 0.015625
0 0.53359375 0.753125 0.021875 0.025
0 0.53828125 0.75859375 0.1078125 0.1328125