0 0.4453125 0.540625 0.084375 0.1015625
0 0.3125 0.55703125 0.08125 0.084375
0 0.30625 0.4875 0.05 0.05390625
0 0.48125 0.44140625 0.02890625 0.03828125
0 0.73046875 0.45703125 0.0390625 0.0390625
0 0.896875 0.59453125 0.20625 0.115625
0 0.421875 0.44296875 0.0265625 0.0296875
0 0.69140625 0.4421875 0.0203125 0.025
0 0.709375 0.44609375 0.0171875 0.02890625
0 0.72890625 0.4328125 0.02578125 0.015625
0 0.95703125 0.4953125 0.06171875 0.0625
0 0.29921875 0.52265625 0.0578125 0.040625
0 0.31171875 0.46015625 0.04296875 0.028125