0 0.79765625 0.771875 0.2703125 0.2921875
0 0.53203125 0.55546875 0.153125 0.1875
0 0.684375 0.9078125 0.340625 0.184375
0 0.38828125 0.48828125 0.1140625 0.1203125
0 0.5515625 0.52890625 0.0671875 0.040625
0 0.6890625 0.16796875 0.3578125 0.2671875
0 0.3015625 0.8359375 0.453125 0.328125
0 0.2359375 0.75234375 0.365625 0.246875
0 0.24375 0.72734375 0.415625 0.3171875
0 0.04921875 0.66015625 0.0578125 0.0625
0 0.81328125 0.3859375 0.3515625 0.2890625
0 0.8953125 0.3921875 0.209375 0.265625
0 0.56171875 0.3421875 0.2609375 0.1734375
0 0.9171875 0.35390625 0.165625 0.3734375
0 0.35859375 0.37734375 0.1640625 0.0734375
0 0.10625 0.55703125 0.2125 0.1171875
0 0.73515625 0.3671875 0.2921875 0.2296875
0 0.0984375 0.5046875 0.196875 0.153125
0 0.315625 0.5125 0.1171875 0.134375
0 0.82890625 0.57578125 0.09375 0.065625
0 0.38515625 0.67734375 0.2109375 0.2234375
0 0.9828125 0.5796875 0.034375 0.3375
0 0.5 0.5 1 1