0 0.50546875 0.621875 0.04921875 0.0671875
0 0.51484375 0.6015625 0.0390625 0.06015625
0 0.79921875 0.82109375 0.05625 0.0796875
0 0.171875 0.83828125 0.06640625 0.103125
0 0.14765625 0.859375 0.05859375 0.07109375
0 0.53984375 0.37890625 0.009375 0.01015625
0 0.80703125 0.9296875 0.08828125 0.13984375
0 0.3203125 0.9203125 0.10625 0.15859375
0 0.1234375 0.93046875 0.1140625 0.115625
0 0.36171875 0.59921875 0.04140625 0.0578125
0 0.84296875 0.9765625 0.1109375 0.046875
0 0.32578125 0.8390625 0.1015625 0.084375
0 0.58046875 0.61953125 0.04140625 0.065625
0 0.1765625 0.86875 0.0203125 0.0390625
0 0.4609375 0.50703125 0.05546875 0.0390625
0 0.321875 0.6453125 0.05703125 0.07890625
0 0.325 0.64453125 0.05703125 0.08046875
0 0.68671875 0.678125 0.05625 0.07578125
0 0.40546875 0.834375 0.0203125 0.06953125
0 0.0546875 0.9515625 0.109375 0.096875
0 0.52890625 0.52734375 0.3171875 0.19453125