0 0.90859375 0.765625 0.1671875 0.18046875
0 0.0359375 0.80234375 0.04609375 0.03515625
0 0.21796875 0.79609375 0.02890625 0.02734375
0 0.5375 0.77578125 0.03671875 0.021875
0 0.24921875 0.79296875 0.03046875 0.0234375
0 0.28828125 0.78984375 0.0484375 0.02734375
0 0.33203125 0.79140625 0.03046875 0.01953125
0 0.6828125 0.77109375 0.0453125 0.01953125
0 0.01640625 0.8015625 0.0328125 0.0375
0 0.1875 0.8 0.02890625 0.02421875
0 0.2671875 0.79140625 0.03671875 0.02890625
0 0.3546875 0.78828125 0.03671875 0.02109375
0 0.76640625 0.76328125 0.0328125 0.01953125
0 0.43828125 0.78671875 0.6453125 0.05625