0 0.59140625 0.65703125 0.1828125 0.2046875
0 0.62265625 0.490625 0.1078125 0.134375
0 0.37890625 0.67734375 0.2140625 0.23125
0 0.50390625 0.4109375 0.096875 0.1078125
0 0.45390625 0.3171875 0.0609375 0.0640625
0 0.67578125 0.5609375 0.153125 0.178125
0 0.596875 0.26328125 0.0515625 0.05625
0 0.80234375 0.43359375 0.0625 0.0671875
0 0.52109375 0.515625 0.1765625 0.190625
0 0.7 0.2390625 0.125 0.1125
0 0.94765625 0.40078125 0.0390625 0.046875
0 0.23828125 0.81796875 0.3828125 0.321875
0 0.4296875 0.359375 0.0734375 0.0796875
0 0.41015625 0.26953125 0.065625 0.078125
0 0.6203125 0.43125 0.759375 0.6625