0 0.27578125 0.478125 0.0921875 0.075
0 0.415625 0.4640625 0.0671875 0.05625
0 0.32578125 0.43671875 0.03125 0.0265625
0 0.28828125 0.45078125 0.034375 0.0265625
0 0.26796875 0.4328125 0.034375 0.028125
0 0.88984375 0.8890625 0.0359375 0.04375
0 0.19609375 0.4390625 0.0328125 0.025
0 0.18046875 0.41796875 0.0390625 0.0265625
0 0.21875 0.41640625 0.034375 0.025
0 0.425 0.43046875 0.0578125 0.05
0 0.76484375 0.953125 0.0734375 0.0890625
0 0.83125 0.91875 0.05625 0.05625
0 0.18515625 0.45390625 0.0328125 0.025
0 0.16796875 0.4703125 0.028125 0.0265625
0 0.1171875 0.396875 0.0375 0.0265625
0 0.35625 0.44765625 0.03125 0.0234375
0 0.021875 0.4 0.0328125 0.03125
0 0.1609375 0.39375 0.0328125 0.025
0 0.5 0.5859375 1 0.828125