0 0.1671875 0.559375 0.334375 0.390625
0 0.2890625 0.74375 0.375 0.4671875
0 0.371875 0.6421875 0.3328125 0.278125
0 0.37890625 0.48359375 0.1296875 0.1484375
0 0.9125 0.60625 0.175 0.240625
0 0.95625 0.66796875 0.078125 0.165625
0 0.7640625 0.52265625 0.1890625 0.2046875
0 0.11796875 0.44140625 0.2359375 0.3265625
0 0.6515625 0.43984375 0.1984375 0.2171875
0 0.48359375 0.8 0.4453125 0.4
0 0.625 0.8484375 0.571875 0.303125
0 0.6359375 0.37578125 0.0734375 0.0828125
0 0.8828125 0.56171875 0.228125 0.275
0 0.5 0.57109375 1 0.8578125