0 0.21328125 0.82734375 0.0265625 0.0265625
0 0.30390625 0.890625 0.0328125 0.0328125
0 0.3484375 0.9046875 0.0328125 0.0328125
0 0.359375 0.92421875 0.0328125 0.0328125
0 0.3859375 0.928125 0.0359375 0.0359375
0 0.41953125 0.959375 0.0375 0.0328125
0 0.471875 0.96328125 0.0296875 0.0328125
0 0.4359375 0.95234375 0.028125 0.028125
0 0.31875 0.88984375 0.021875 0.028125
0 0.15 0.78828125 0.021875 0.0234375
0 0.12265625 0.775 0.025 0.025
0 0.25234375 0.85234375 0.0296875 0.025
0 0.4640625 0.88828125 0.653125 0.2234375