0 0.05625 0.640625 0.0390625 0.11875
0 0.86015625 0.60703125 0.034375 0.121875
0 0.01953125 0.6390625 0.0328125 0.1359375
0 0.19609375 0.653125 0.071875 0.159375
0 0.01328125 0.6609375 0.01875 0.159375
0 0.95390625 0.525 0.0171875 0.0375
0 0.90390625 0.5390625 0.0125 0.0421875
0 0.87734375 0.56953125 0.0265625 0.0796875
0 0.49609375 0.5921875 0.5609375 0.815625
0 0.8015625 0.575 0.1140625 0.334375
0 0.0890625 0.56015625 0.021875 0.0890625
0 0.1546875 0.625 0.034375 0.103125
0 0.140625 0.6109375 0.0265625 0.0796875
0 0.890625 0.5546875 0.0203125 0.0703125
0 0.5015625 0.56171875 0.996875 0.8765625