0 0.5234375 0.72109375 0.28125 0.08125
0 0.73671875 0.69140625 0.10703125 0.03828125
0 0.83984375 0.69765625 0.096875 0.040625
0 0.52421875 0.68515625 0.06328125 0.03203125
0 0.590625 0.675 0.0328125 0.01875
0 0.6453125 0.6890625 0.0328125 0.02734375
0 0.20703125 0.68671875 0.40625 0.165625
0 0.603125 0.66875 0.01640625 0.01015625
0 0.98671875 0.68984375 0.02578125 0.015625
0 0.475 0.6578125 0.0328125 0.025
0 0.34375 0.66015625 0.11640625 0.0546875
0 0.9015625 0.71015625 0.0859375 0.053125
0 0.5375 0.6578125 0.02265625 0.01015625
0 0.440625 0.66015625 0.03046875 0.01953125
0 0.97421875 0.709375 0.0515625 0.053125