0 0.20234375 0.6375 0.4046875 0.09296875
0 0.34765625 0.57734375 0.12109375 0.0234375
0 0.6390625 0.553125 0.02734375 0.0203125
0 0.72109375 0.55546875 0.0234375 0.01484375
0 0.79765625 0.55546875 0.02890625 0.015625
0 0.8765625 0.56015625 0.11171875 0.02890625
0 0.7578125 0.55390625 0.0328125 0.015625
0 0.9125 0.553125 0.03828125 0.01171875
0 0.0484375 0.58515625 0.096875 0.0296875
0 0.090625 0.584375 0.08046875 0.01796875
0 0.69375 0.55234375 0.0140625 0.0203125
0 0.39921875 0.56484375 0.08046875 0.02109375