0 0.78203125 0.40703125 0.04453125 0.0484375
0 0.8046875 0.38984375 0.0375 0.04375
0 0.81875 0.77734375 0.1140625 0.1703125
0 0.3625 0.96640625 0.1578125 0.06640625
0 0.8546875 0.3796875 0.03828125 0.05
0 0.68125 0.94609375 0.17421875 0.10546875
0 0.7265625 0.91484375 0.12734375 0.15859375
0 0.48125 0.903125 0.1625 0.19296875
0 0.6859375 0.88203125 0.10625 0.0296875
0 0.39453125 0.46796875 0.10546875 0.1578125
0 0.10234375 0.7625 0.20390625 0.475
0 0.4765625 0.4296875 0.11640625 0.18515625
0 0.4796875 0.746875 0.309375 0.475
0 0.61171875 0.665625 0.18828125 0.41640625
0 0.759375 0.63203125 0.17734375 0.36015625
0 0.83984375 0.58203125 0.115625 0.29609375
0 0.8890625 0.50625 0.0984375 0.25546875
0 0.7 0.43046875 0.09609375 0.078125
0 0.7015625 0.3625 0.05546875 0.059375
0 0.83984375 0.3171875 0.0796875 0.1125
0 0.55 0.4109375 0.07421875 0.175
0 0.91015625 0.43203125 0.09296875 0.13671875