0 0.28828125 0.49453125 0.5640625 0.596875
0 0.52734375 0.44453125 0.2328125 0.4171875
0 0.56015625 0.353125 0.13125 0.2796875
0 0.58515625 0.3296875 0.125 0.2515625
0 0.61171875 0.33125 0.121875 0.19375
0 0.33671875 0.5 0.6734375 1
0 0.83671875 0.3046875 0.0484375 0.05625
0 0.68828125 0.309375 0.075 0.0828125
0 0.54375 0.5484375 0.1109375 0.23125
0 0.6453125 0.33046875 0.0734375 0.153125
0 0.76875 0.2984375 0.034375 0.04375
0 0.7890625 0.30625 0.0375 0.0625
0 0.74765625 0.2984375 0.046875 0.05625