0 0.90703125 0.8328125 0.1859375 0.265625
0 0.4765625 0.65390625 0.2875 0.3140625
0 0.190625 0.76015625 0.178125 0.15859375
0 0.07265625 0.75546875 0.14453125 0.23828125
0 0.8109375 0.71875 0.1203125 0.12109375
0 0.6359375 0.5734375 0.05625 0.0859375
0 0.74296875 0.3453125 0.06484375 0.065625
0 0.78203125 0.28203125 0.0390625 0.04921875
0 0.83203125 0.18046875 0.0265625 0.0328125
0 0.84140625 0.1703125 0.02421875 0.034375
0 0.67421875 0.70390625 0.11640625 0.12109375
0 0.94375 0.63046875 0.1109375 0.0734375
0 0.95078125 0.58359375 0.0984375 0.05703125
0 0.94453125 0.3 0.0375 0.02734375
0 0.9421875 0.540625 0.115625 0.06875
0 0.91875 0.8359375 0.1625 0.20390625
0 0.2890625 0.74375 0.11640625 0.13359375
0 0.553125 0.43984375 0.890625 0.69765625