0 0.82109375 0.45703125 0.20625 0.190625
0 0.49765625 0.4546875 0.1390625 0.1546875
0 0.50390625 0.7640625 0.9578125 0.471875
0 0.3515625 0.5859375 0.2 0.165625
0 0.50859375 0.615625 0.3015625 0.2765625
0 0.253125 0.58828125 0.134375 0.146875
0 0.71640625 0.471875 0.1171875 0.1265625
0 0.1609375 0.57109375 0.1328125 0.14375
0 0.4125 0.49140625 0.053125 0.0625
0 0.27421875 0.5015625 0.0609375 0.0546875
0 0.1078125 0.5734375 0.0515625 0.1015625
0 0.22265625 0.5 0.046875 0.0453125
0 0.0875 0.565625 0.05 0.0765625
0 0.2171875 0.503125 0.365625 0.1375