0 0.84765625 0.5390625 0.121875 0.0640625
0 0.778125 0.52578125 0.1 0.0390625
0 0.696875 0.5234375 0.075 0.021875
0 0.64375 0.5171875 0.0296875 0.0171875
0 0.2125 0.515625 0.053125 0.015625
0 0.90546875 0.5234375 0.05 0.021875
0 0.07265625 0.51796875 0.0375 0.01875
0 0.30703125 0.5328125 0.259375 0.08125
0 0.14375 0.52734375 0.109375 0.04375
0 0.05078125 0.5171875 0.040625 0.01875
0 0.5671875 0.51875 0.04375 0.015625
0 0.46328125 0.51953125 0.05625 0.0203125
0 0.4140625 0.51328125 0.053125 0.0125
0 0.503125 0.53046875 0.99375 0.071875