0 0.73203125 0.72421875 0.128125 0.0859375
0 0.92578125 0.67421875 0.0796875 0.0375
0 0.6875 0.68984375 0.0734375 0.0453125
0 0.0515625 0.79375 0.078125 0.103125
0 0.19765625 0.7625 0.2546875 0.125
0 0.39140625 0.73125 0.0578125 0.0359375
0 0.7046875 0.6609375 0.0375 0.021875
0 0.3125 0.70546875 0.0234375 0.0390625
0 0.71796875 0.6515625 0.03125 0.0234375
0 0.75703125 0.61875 0.0265625 0.01875
0 0.73203125 0.6453125 0.0234375 0.0203125
0 0.73828125 0.63515625 0.0359375 0.0203125
0 0.746875 0.628125 0.0234375 0.0171875