0 0.4375 0.5 0.875 1
0 0.071875 0.51640625 0.1328125 0.109375
0 0.1578125 0.3671875 0.0296875 0.0265625
0 0.0421875 0.53828125 0.084375 0.1046875
0 0.0125 0.4921875 0.025 0.065625
0 0.06796875 0.465625 0.1203125 0.0796875
0 0.134375 0.37890625 0.0296875 0.0296875
0 0.10390625 0.39453125 0.0515625 0.046875
0 0.22734375 0.33828125 0.0234375 0.03125
0 0.1625 0.40234375 0.053125 0.0421875
0 0.2359375 0.453125 0.1890625 0.13125
0 0.921875 0.21953125 0.0921875 0.1765625
0 0.2 0.39765625 0.0515625 0.0359375
0 0.89609375 0.2328125 0.134375 0.1359375
0 0.515625 0.32578125 0.890625 0.3265625