0 0.35546875 0.58125 0.15234375 0.10390625
0 0.56171875 0.6546875 0.18203125 0.23203125
0 0.30546875 0.56875 0.09921875 0.11171875
0 0.7546875 0.71640625 0.48984375 0.3109375
0 0.93046875 0.57734375 0.13828125 0.1015625
0 0.9578125 0.53828125 0.084375 0.06953125
0 0.91015625 0.5140625 0.078125 0.03515625
0 0.378125 0.61875 0.12734375 0.15703125
0 0.9703125 0.9015625 0.059375 0.19609375
0 0.6015625 0.51875 0.0859375 0.05703125
0 0.16796875 0.52578125 0.0328125 0.03359375
0 0.40546875 0.659375 0.025 0.0796875