0 0.48046875 0.6015625 0.3921875 0.4359375
0 0.08984375 0.5921875 0.1125 0.0890625
0 0.084375 0.540625 0.0640625 0.0390625
0 0.27265625 0.590625 0.0515625 0.0546875
0 0.27109375 0.546875 0.0390625 0.0265625
0 0.178125 0.54609375 0.0484375 0.0359375
0 0.19765625 0.5421875 0.034375 0.03125
0 0.134375 0.5421875 0.0515625 0.0390625
0 0.03828125 0.53984375 0.0765625 0.0484375
0 0.10625 0.54296875 0.0609375 0.0375
0 0.16328125 0.5453125 0.0359375 0.0328125
0 0.915625 0.59140625 0.0203125 0.0234375
0 0.2171875 0.54453125 0.0390625 0.0359375