0 0.5390625 0.37109375 0.15 0.0953125
0 0.6515625 0.53046875 0.3875 0.2484375
0 0.48671875 0.3234375 0.16875 0.090625
0 0.08359375 0.34375 0.084375 0.08125
0 0.85234375 0.475 0.0984375 0.10625
0 0.215625 0.36640625 0.0765625 0.0796875
0 0.12109375 0.290625 0.1921875 0.1734375
0 0.265625 0.3359375 0.090625 0.0828125
0 0.66484375 0.35390625 0.0890625 0.0453125
0 0.4203125 0.41171875 0.1015625 0.0890625
0 0.375 0.31640625 0.115625 0.06875
0 0.321875 0.3546875 0.059375 0.0765625
0 0.59453125 0.35078125 0.0671875 0.025