0 0.71171875 0.63359375 0.5765625 0.7265625
0 0.82734375 0.26640625 0.078125 0.05
0 0.4859375 0.4796875 0.246875 0.2609375
0 0.7703125 0.3375 0.19375 0.1421875
0 0.80390625 0.28515625 0.11875 0.0828125
0 0.9140625 0.31875 0.153125 0.2171875
0 0.52578125 0.33984375 0.1671875 0.103125
0 0.39765625 0.45 0.1625 0.1640625
0 0.75078125 0.2953125 0.309375 0.1203125
0 0.72109375 0.2796875 0.0828125 0.053125
0 0.39609375 0.37421875 0.053125 0.028125
0 0.44140625 0.371875 0.0484375 0.040625
0 0.9078125 0.2390625 0.0359375 0.0296875
0 0.32890625 0.4296875 0.06875 0.0625
0 0.82421875 0.26328125 0.078125 0.05