0 0.70546875 0.56171875 0.25859375 0.34453125
0 0.82890625 0.68359375 0.3421875 0.609375
0 0.5859375 0.4015625 0.08125 0.21171875
0 0.5734375 0.8140625 0.3140625 0.371875
0 0.25703125 0.428125 0.12109375 0.17265625
0 0.05859375 0.63125 0.1171875 0.34296875
0 0.515625 0.37578125 0.03125 0.11953125
0 0.91328125 0.3546875 0.08125 0.16953125
0 0.17578125 0.48984375 0.11640625 0.1953125
0 0.465625 0.434375 0.06875 0.11640625
0 0.959375 0.4984375 0.08125 0.14921875
0 0.16640625 0.7796875 0.33203125 0.440625
0 0.1140625 0.421875 0.09296875 0.19140625
0 0.49296875 0.40390625 0.9453125 0.30859375