0 0.75078125 0.3484375 0.1203125 0.1046875
0 0.821875 0.303125 0.0828125 0.059375
0 0.9671875 0.3203125 0.0234375 0.065625
0 0.29609375 0.4234375 0.06875 0.065625
0 0.24609375 0.4265625 0.05625 0.0609375
0 0.36875 0.4046875 0.109375 0.0921875
0 0.82890625 0.346875 0.0734375 0.06875
0 0.9109375 0.2859375 0.0890625 0.065625
0 0.69296875 0.3671875 0.0546875 0.06875
0 0.9234375 0.32734375 0.09375 0.090625
0 0.68359375 0.325 0.0421875 0.0328125
0 0.4375 0.4015625 0.0546875 0.065625
0 0.5359375 0.34921875 0.053125 0.034375
0 0.74765625 0.33828125 0.4734375 0.25625