0 0.440625 0.48359375 0.86328125 0.96171875
0 0.309375 0.34609375 0.05234375 0.05703125
0 0.05546875 0.3875 0.1109375 0.19375
0 0.928125 0.3296875 0.14375 0.140625
0 0.740625 0.3296875 0.07109375 0.06953125
0 0.86953125 0.31484375 0.08046875 0.08671875
0 0.353125 0.3515625 0.05703125 0.05078125
0 0.27734375 0.3515625 0.0328125 0.05234375
0 0.2078125 0.34921875 0.06484375 0.06484375
0 0.15078125 0.35390625 0.0390625 0.0390625
0 0.11171875 0.35859375 0.03828125 0.03984375
0 0.25390625 0.35703125 0.03125 0.03984375
0 0.40625 0.3484375 0.06484375 0.06015625
0 0.78125 0.3265625 0.10703125 0.07109375