0 0.47890625 0.52890625 0.11796875 0.1625
0 0.88046875 0.51171875 0.0578125 0.059375
0 0.05625 0.6015625 0.04921875 0.03671875
0 0.9703125 0.5359375 0.059375 0.10546875
0 0.67265625 0.54921875 0.09375 0.103125
0 0.5359375 0.5640625 0.03046875 0.071875
0 0.1015625 0.603125 0.02578125 0.03203125
0 0.0921875 0.59921875 0.04609375 0.03984375
0 0.825 0.51796875 0.0609375 0.0515625
0 0.77265625 0.54609375 0.11015625 0.109375
0 0.07265625 0.6015625 0.02578125 0.03671875
0 0.59296875 0.56484375 0.08671875 0.10546875