0 0.7375 0.6015625 0.0796875 0.103125
0 0.746875 0.4578125 0.0359375 0.053125
0 0.73828125 0.534375 0.0640625 0.0625
0 0.5921875 0.49765625 0.0515625 0.0546875
0 0.51796875 0.50078125 0.078125 0.0546875
0 0.678125 0.50546875 0.028125 0.0421875
0 0.69765625 0.49296875 0.034375 0.040625
0 0.66015625 0.465625 0.0265625 0.01875
0 0.6546875 0.51015625 0.0484375 0.0609375
0 0.73828125 0.471875 0.028125 0.0390625
0 0.7765625 0.59296875 0.0421875 0.0703125
0 0.359375 0.4640625 0.0875 0.0640625
0 0.82265625 0.4625 0.01875 0.0234375
0 0.70546875 0.4765625 0.209375 0.14375