0 0.7671875 0.546875 0.16875 0.075
0 0.4578125 0.5859375 0.26875 0.1515625
0 0.921875 0.71796875 0.1265625 0.2171875
0 0.82109375 0.7140625 0.0984375 0.159375
0 0.73359375 0.70390625 0.1125 0.1453125
0 0.6703125 0.6953125 0.0984375 0.1328125
0 0.5359375 0.66171875 0.10625 0.1578125
0 0.4921875 0.64765625 0.075 0.1171875
0 0.109375 0.61328125 0.1109375 0.1
0 0.0265625 0.484375 0.053125 0.0625
0 0.62265625 0.52734375 0.034375 0.078125
0 0.91953125 0.546875 0.040625 0.0421875
0 0.9328125 0.57421875 0.025 0.03125