0 0.36953125 0.6515625 0.0515625 0.078125
0 0.40234375 0.6359375 0.05625 0.09375
0 0.465625 0.61015625 0.0515625 0.075
0 0.49453125 0.596875 0.0484375 0.0765625
0 0.5328125 0.58359375 0.0515625 0.075
0 0.54609375 0.58828125 0.0453125 0.059375
0 0.59140625 0.55390625 0.0390625 0.0671875
0 0.603125 0.53984375 0.0515625 0.075
0 0.25 0.675 0.05 0.0734375
0 0.21796875 0.70625 0.0484375 0.09375
0 0.5671875 0.55703125 0.05625 0.1
0 0.334375 0.66015625 0.05 0.0953125
0 0.66171875 0.51328125 0.040625 0.075
0 0.5 0.4875 1 0.434375