0 0.60546875 0.86953125 0.0796875 0.0625
0 0.85703125 0.87421875 0.1109375 0.0828125
0 0.7109375 0.98125 0.071875 0.0375
0 0.82890625 0.72890625 0.025 0.021875
0 0.8359375 0.7015625 0.0296875 0.021875
0 0.915625 0.69609375 0.025 0.0203125
0 0.690625 0.7921875 0.0609375 0.059375
0 0.73046875 0.934375 0.05625 0.04375
0 0.68984375 0.89765625 0.0421875 0.0328125
0 0.61796875 0.821875 0.109375 0.059375
0 0.70078125 0.9734375 0.0515625 0.0515625
0 0.690625 0.9453125 0.0671875 0.0484375
0 0.66328125 0.91171875 0.053125 0.0421875
0 0.6953125 0.86953125 0.0375 0.0359375
0 0.59140625 0.93671875 0.1765625 0.1265625
0 0.51171875 0.92109375 0.1671875 0.1578125
0 0.75078125 0.853125 0.090625 0.046875
0 0.80625 0.7453125 0.2328125 0.278125