0 0.51328125 0.68359375 0.3421875 0.1625
0 0.75 0.59765625 0.1328125 0.0703125
0 0.8703125 0.5796875 0.1203125 0.0703125
0 0.50546875 0.6421875 0.0796875 0.0515625
0 0.5796875 0.61484375 0.0421875 0.0296875
0 0.64453125 0.6171875 0.04375 0.0390625
0 0.20625 0.70625 0.371875 0.259375
0 0.5921875 0.60390625 0.021875 0.015625
0 0.4421875 0.6234375 0.04375 0.0375
0 0.29296875 0.65703125 0.146875 0.0921875
0 0.94375 0.578125 0.1109375 0.08125
0 0.5140625 0.60703125 0.028125 0.0171875
0 0.40390625 0.63359375 0.040625 0.0296875
0 0.9953125 0.56328125 0.009375 0.0671875