0 0.41328125 0.79453125 0.1953125 0.4109375
0 0.553125 0.784375 0.2125 0.43125
0 0.8984375 0.7453125 0.203125 0.378125
0 0.05390625 0.5890625 0.10234375 0.14140625
0 0.0625 0.47109375 0.0671875 0.096875
0 0.36953125 0.54921875 0.08828125 0.13984375
0 0.5046875 0.52734375 0.109375 0.18828125
0 0.60859375 0.54609375 0.1578125 0.24453125
0 0.70234375 0.77265625 0.2359375 0.4234375
0 0.678125 0.44921875 0.084375 0.1234375
0 0.2515625 0.64453125 0.11796875 0.30625
0 0.15390625 0.61328125 0.1375 0.2109375
0 0.09765625 0.77109375 0.19453125 0.45703125
0 0.5453125 0.609375 0.90625 0.69375