0 0.94609375 0.47421875 0.1078125 0.2015625
0 0.55625 0.38359375 0.14375 0.1578125
0 0.55625 0.32734375 0.15 0.1078125
0 0.14609375 0.27265625 0.1765625 0.1375
0 0.065625 0.275 0.071875 0.0890625
0 0.875 0.45625 0.0375 0.0703125
0 0.69375 0.371875 0.0578125 0.05
0 0.06328125 0.22265625 0.0421875 0.06875
0 0.72421875 0.36953125 0.0484375 0.034375
0 0.35625 0.3328125 0.090625 0.1421875
0 0.68203125 0.41484375 0.0671875 0.1234375
0 0.359375 0.26171875 0.0515625 0.028125
0 0.29609375 0.2640625 0.5046875 0.1625