0 0.771875 0.94609375 0.1125 0.1078125
0 0.77421875 0.965625 0.0859375 0.06875
0 0.04609375 0.95078125 0.0578125 0.06875
0 0.36953125 0.7703125 0.0625 0.0625
0 0.4015625 0.73046875 0.0578125 0.0703125
0 0.453125 0.61484375 0.046875 0.0515625
0 0.47265625 0.56015625 0.040625 0.0453125
0 0.425 0.6640625 0.0578125 0.071875
0 0.48046875 0.53125 0.0421875 0.0328125
0 0.50703125 0.45546875 0.0390625 0.0390625
0 0.640625 0.484375 0.0578125 0.1140625
0 0.5625 0.5671875 0.0671875 0.1359375
0 0.50078125 0.7234375 0.0796875 0.1203125
0 0.55234375 0.50546875 0.0515625 0.078125
0 0.4328125 0.83515625 0.21875 0.1265625
0 0.53515625 0.62578125 0.071875 0.153125
0 0.5765625 0.4421875 0.05625 0.128125
0 0.55625 0.46640625 0.0578125 0.075
0 0.77421875 0.94609375 0.1109375 0.1078125
0 0.24609375 0.93828125 0.0875 0.1078125
0 0.75078125 0.671875 0.04375 0.053125
0 0.503125 0.6734375 0.08125 0.103125
0 0.16875 0.9453125 0.1078125 0.090625
0 0.603125 0.8890625 0.228125 0.1453125
0 0.52265625 0.40859375 0.1078125 0.228125