0 0.33671875 0.88203125 0.29765625 0.20546875
0 0.60625 0.890625 0.278125 0.21875
0 0.67578125 0.78046875 0.253125 0.13203125
0 0.89921875 0.79921875 0.2015625 0.1421875
0 0.2375 0.6875 0.43515625 0.1625
0 0.7359375 0.7046875 0.528125 0.215625
0 0.378125 0.7640625 0.14765625 0.1046875
0 0.18046875 0.86328125 0.13828125 0.18671875
0 0.19453125 0.7765625 0.20390625 0.08515625
0 0.02734375 0.84765625 0.04921875 0.103125
0 0.04765625 0.78984375 0.0953125 0.0859375
0 0.0375 0.75234375 0.075 0.0421875