0 0.35546875 0.74453125 0.7109375 0.5109375
0 0.53125 0.7515625 0.53125 0.375
0 0.1296875 0.49140625 0.1796875 0.0859375
0 0.203125 0.50625 0.096875 0.071875
0 0.265625 0.52578125 0.146875 0.08125
0 0.684375 0.7546875 0.3375 0.28125
0 0.5625 0.58984375 0.065625 0.065625
0 0.70234375 0.7078125 0.284375 0.178125
0 0.775 0.67578125 0.16875 0.1046875
0 0.82734375 0.64609375 0.071875 0.0546875
0 0.04609375 0.521875 0.0921875 0.128125
0 0.10234375 0.496875 0.121875 0.059375
0 0.06328125 0.44453125 0.1265625 0.0765625
0 0.4234375 0.59140625 0.846875 0.3453125