0 0.81875 0.2875 0.05625 0.0390625
0 0.8015625 0.29765625 0.034375 0.028125
0 0.7390625 0.28046875 0.046875 0.0328125
0 0.77109375 0.26796875 0.0421875 0.0296875
0 0.78515625 0.3046875 0.03125 0.0265625
0 0.859375 0.2640625 0.0484375 0.040625
0 0.74609375 0.25703125 0.0171875 0.0109375
0 0.71484375 0.29453125 0.0390625 0.025
0 0.7625 0.31953125 0.034375 0.028125
0 0.89921875 0.28515625 0.0609375 0.04375
0 0.828125 0.27890625 0.05 0.0328125
0 0.9125 0.23984375 0.06875 0.05
0 0.77421875 0.30859375 0.025 0.01875
0 0.79375 0.28046875 0.2296875 0.11875