0 0.209375 0.81015625 0.35 0.3796875
0 0.478125 0.59453125 0.184375 0.2703125
0 0.48203125 0.91796875 0.1296875 0.1640625
0 0.94609375 0.703125 0.1078125 0.34375
0 0.765625 0.64296875 0.253125 0.184375
0 0.9234375 0.5046875 0.153125 0.203125
0 0.84921875 0.53828125 0.1828125 0.165625
0 0.22265625 0.55703125 0.1234375 0.2015625
0 0.00625 0.4421875 0.0125 0.05625
0 0.065625 0.4046875 0.0546875 0.0546875
0 0.0421875 0.35546875 0.015625 0.015625
0 0.05546875 0.3328125 0.01875 0.01875
0 0.43515625 0.73671875 0.24375 0.31875
0 0.95859375 0.68046875 0.0828125 0.1046875
0 0.76015625 0.3890625 0.046875 0.046875
0 0.4609375 0.409375 0.0546875 0.0828125
0 0.31640625 0.56015625 0.040625 0.0390625