0 0.9359375 0.80859375 0.128125 0.2046875
0 0.87734375 0.809375 0.0890625 0.1828125
0 0.29140625 0.86171875 0.1296875 0.1140625
0 0.40234375 0.82109375 0.03125 0.0234375
0 0.35234375 0.8515625 0.04375 0.0671875
0 0.7453125 0.83046875 0.1328125 0.1140625
0 0.83984375 0.8125 0.096875 0.1703125
0 0.73125 0.78984375 0.1671875 0.18125
0 0.4171875 0.8125 0.0265625 0.021875
0 0.49375 0.8125 0.028125 0.021875
0 0.33984375 0.82109375 0.0390625 0.0234375
0 0.38125 0.80078125 0.0296875 0.0171875
0 0.7875 0.82890625 0.075 0.13125