0 0.20234375 0.90234375 0.0515625 0.1203125
0 0.09921875 0.9203125 0.0546875 0.071875
0 0.73125 0.884375 0.225 0.23125
0 0.9171875 0.7734375 0.1328125 0.246875
0 0.61796875 0.6921875 0.165625 0.184375
0 0.80859375 0.615625 0.159375 0.16875
0 0.43125 0.88359375 0.209375 0.2328125
0 0.13828125 0.66796875 0.1796875 0.246875
0 0.696875 0.4359375 0.1 0.1328125
0 0.9890625 0.4578125 0.021875 0.1375
0 0.5265625 0.490625 0.0734375 0.134375
0 0.34921875 0.52109375 0.10625 0.1546875
0 0.165625 0.41171875 0.121875 0.1609375
0 0.26875 0.596875 0.065625 0.13125
0 0.3890625 0.1578125 0.0625 0.0828125
0 0.48984375 0.14140625 0.075 0.0859375
0 0.5328125 0.290625 0.934375 0.58125