0 0.0921875 0.72265625 0.065625 0.0921875
0 0.78203125 0.42109375 0.1296875 0.153125
0 0.2375 0.85625 0.26875 0.2875
0 0.43671875 0.7984375 0.2328125 0.2390625
0 0.884375 0.23046875 0.0953125 0.1046875
0 0.47734375 0.60078125 0.15625 0.1640625
0 0.34453125 0.65390625 0.1890625 0.1890625
0 0.60859375 0.4078125 0.1421875 0.1953125
0 0.54921875 0.15078125 0.1265625 0.096875
0 0.49609375 0.48515625 0.125 0.1625
0 0.55 0.9 0.309375 0.2
0 0.80390625 0.0203125 0.0453125 0.040625
0 0.4140625 0.25234375 0.0765625 0.0703125
0 0.61640625 0.72578125 0.203125 0.246875
0 0.6171875 0.54453125 0.146875 0.1734375
0 0.34765625 0.546875 0.1453125 0.128125
0 0.49375 0.325 0.1421875 0.11875
0 0.496875 0.48359375 0.125 0.1578125
0 0.46875 0.32734375 0.9375 0.6546875