0 0.7421875 0.32578125 0.2671875 0.184375
0 0.784375 0.14453125 0.0796875 0.059375
0 0.66640625 0.13515625 0.11875 0.06875
0 0.55546875 0.14609375 0.0921875 0.0734375
0 0.4828125 0.15625 0.1078125 0.0796875
0 0.359375 0.15 0.10625 0.0765625
0 0.2765625 0.153125 0.128125 0.084375
0 0.13984375 0.1421875 0.14375 0.0984375
0 0.2390625 0.1296875 0.1109375 0.0984375
0 0.5015625 0.084375 0.028125 0.0265625
0 0.9703125 0.1859375 0.059375 0.06875
0 0.825 0.1484375 0.0375 0.046875
0 0.05234375 0.14765625 0.0546875 0.0890625
0 0.63984375 0.1015625 0.6515625 0.203125