0 0.27265625 0.7875 0.103125 0.0703125
0 0.353125 0.7640625 0.0734375 0.05
0 0.44921875 0.73984375 0.103125 0.06875
0 0.121875 0.83203125 0.0625 0.065625
0 0.59609375 0.6921875 0.0890625 0.0734375
0 0.52421875 0.71171875 0.0828125 0.0515625
0 0.56484375 0.69296875 0.03125 0.0265625
0 0.97421875 0.59296875 0.040625 0.0484375
0 0.8390625 0.63359375 0.053125 0.059375
0 0.46796875 0.71171875 0.10625 0.046875
0 0.3890625 0.73828125 0.053125 0.028125
0 0.0734375 0.81875 0.0171875 0.025
0 0.603125 0.69140625 0.7578125 0.278125