0 0.1578125 0.7703125 0.1984375 0.128125
0 0.91484375 0.6953125 0.153125 0.04453125
0 0.14453125 0.72890625 0.165625 0.1125
0 0.85703125 0.73984375 0.15078125 0.10390625
0 0.46328125 0.70546875 0.05703125 0.0421875
0 0.5546875 0.690625 0.03125 0.0390625
0 0.42109375 0.7296875 0.10234375 0.0828125
0 0.7984375 0.6875 0.015625 0.0296875
0 0.32265625 0.7328125 0.1640625 0.1328125
0 0.571875 0.68671875 0.0359375 0.0453125
0 0.0359375 0.7546875 0.071875 0.0890625
0 0.76484375 0.6859375 0.0328125 0.03125
0 0.72109375 0.68671875 0.02265625 0.0203125
0 0.54765625 0.690625 0.6640625 0.07734375