0 0.303125 0.30859375 0.028125 0.028125
0 0.33125 0.29453125 0.0359375 0.0375
0 0.6921875 0.45703125 0.040625 0.0328125
0 0.725 0.47578125 0.0421875 0.0375
0 0.79609375 0.5203125 0.03125 0.028125
0 0.6375 0.42890625 0.0296875 0.0265625
0 0.203125 0.3359375 0.0328125 0.0328125
0 0.53125 0.36875 0.028125 0.025
0 0.85 0.55078125 0.0375 0.0328125
0 0.1765625 0.3421875 0.03125 0.03125
0 0.30546875 0.28515625 0.0234375 0.025
0 0.0546875 0.315625 0.0234375 0.021875
0 0.0703125 0.3265625 0.0296875 0.0296875
0 0.378125 0.34375 0.7046875 0.315625