0 0.33984375 0.7453125 0.0890625 0.1046875
0 0.42265625 0.7125 0.0546875 0.075
0 0.45390625 0.703125 0.03125 0.0421875
0 0.4796875 0.69140625 0.0296875 0.034375
0 0.78828125 0.71875 0.0921875 0.1109375
0 0.40390625 0.7078125 0.03125 0.0390625
0 0.4515625 0.715625 0.0171875 0.0484375
0 0.39609375 0.740625 0.0625 0.075
0 0.3765625 0.70234375 0.0375 0.0265625
0 0.48046875 0.69140625 0.0265625 0.034375
0 0.59296875 0.734375 0.14375 0.14375
0 0.98828125 0.74140625 0.0234375 0.2046875
0 0.228125 0.7765625 0.1390625 0.153125
0 0.96328125 0.7359375 0.0734375 0.196875
0 0.63046875 0.71171875 0.3015625 0.1578125