0 0.465625 0.30625 0.2109375 0.1390625
0 0.3578125 0.528125 0.203125 0.1734375
0 0.565625 0.128125 0.05 0.06875
0 0.15625 0.64921875 0.3125 0.3234375
0 0.046875 0.22734375 0.0859375 0.1109375
0 0.028125 0.5296875 0.05625 0.25
0 0.91015625 0.775 0.1765625 0.3734375
0 0.02109375 0.25234375 0.0359375 0.1125
0 0.18125 0.203125 0.084375 0.071875
0 0.58046875 0.30234375 0.1296875 0.1078125
0 0.278125 0.18125 0.109375 0.05625
0 0.315625 0.171875 0.0984375 0.0546875
0 0.4828125 0.221875 0.103125 0.0671875
0 0.521875 0.17890625 0.95625 0.2921875