0 0.71328125 0.565625 0.3171875 0.4078125
0 0.8140625 0.67734375 0.371875 0.6453125
0 0.59140625 0.3765625 0.1078125 0.2453125
0 0.5453125 0.8078125 0.378125 0.384375
0 0.21953125 0.38125 0.1484375 0.203125
0 0.02890625 0.59375 0.0578125 0.390625
0 0.51484375 0.3421875 0.04375 0.1359375
0 0.95546875 0.3484375 0.0890625 0.196875
0 0.1234375 0.44296875 0.146875 0.228125
0 0.453125 0.40390625 0.0859375 0.1359375
0 0.975 0.5125 0.05 0.171875
0 0.14609375 0.7484375 0.2921875 0.471875
0 0.059375 0.3609375 0.115625 0.221875
0 0.5 0.37265625 1 0.4171875