0 0.94140625 0.72265625 0.1171875 0.2921875
0 0.51484375 0.70859375 0.415625 0.434375
0 0.25234375 0.9046875 0.2453125 0.190625
0 0.165625 0.9046875 0.159375 0.190625
0 0.8890625 0.65703125 0.1703125 0.171875
0 0.65234375 0.56640625 0.090625 0.1109375
0 0.68359375 0.28828125 0.0921875 0.09375
0 0.7015625 0.2078125 0.0578125 0.065625
0 0.7171875 0.08203125 0.0390625 0.04375
0 0.7234375 0.06875 0.0375 0.0453125
0 0.740625 0.68984375 0.1671875 0.1703125
0 0.9625 0.51796875 0.075 0.1078125
0 0.96171875 0.46796875 0.0765625 0.0859375
0 0.87890625 0.1671875 0.05 0.0421875
0 0.94453125 0.42578125 0.1109375 0.1046875
0 0.9609375 0.73515625 0.078125 0.2484375
0 0.3515625 0.871875 0.1703125 0.1828125
0 0.5 0.49140625 1 0.9828125