0 0.87578125 0.21640625 0.0703125 0.0484375
0 0.7625 0.18984375 0.034375 0.0328125
0 0.71796875 0.19296875 0.0375 0.0359375
0 0.0828125 0.2125 0.0359375 0.0375
0 0.85 0.19140625 0.0234375 0.0234375
0 0.575 0.1890625 0.0265625 0.0203125
0 0.91015625 0.2109375 0.05625 0.0515625
0 0.69140625 0.19375 0.034375 0.034375
0 0.9625 0.21640625 0.034375 0.053125
0 0.546875 0.19765625 0.028125 0.025
0 0.60078125 0.19765625 0.0359375 0.0296875
0 0.79921875 0.19296875 0.0328125 0.0328125
0 0.81484375 0.175 0.0234375 0.015625
0 0.60703125 0.2015625 0.7390625 0.153125