0 0.86171875 0.703125 0.259375 0.3125
0 0.4515625 0.35625 0.128125 0.1578125
0 0.80546875 0.45703125 0.2234375 0.203125
0 0.96015625 0.54765625 0.0796875 0.1546875
0 0.22734375 0.12578125 0.0984375 0.1390625
0 0.67890625 0.3453125 0.1328125 0.1109375
0 0.75390625 0.34453125 0.09375 0.0859375
0 0.12734375 0.4109375 0.2546875 0.596875
0 0.3234375 0.3296875 0.2984375 0.4109375
0 0.76171875 0.21953125 0.10625 0.065625
0 0.53046875 0.29453125 0.1578125 0.1734375
0 0.603125 0.29921875 0.1015625 0.109375
0 0.6046875 0.253125 0.0921875 0.0734375
0 0.43359375 0.21796875 0.0546875 0.06875
0 0.68359375 0.48515625 0.2609375 0.265625
0 0.125 0.146875 0.1609375 0.271875
0 0.68828125 0.25 0.0640625 0.0671875
0 0.990625 0.33984375 0.01875 0.1046875
0 0.82109375 0.38828125 0.140625 0.1140625
0 0.2765625 0.09375 0.0609375 0.078125
0 0.68828125 0.25078125 0.0703125 0.075
0 0.80703125 0.4578125 0.2140625 0.19375
0 0.63046875 0.2890625 0.7390625 0.39375