0 0.66015625 0.7703125 0.1796875 0.21171875
0 0.5 0.5125 0.09453125 0.14375
0 0.52578125 0.8796875 0.2875 0.12734375
0 0.39921875 0.4140625 0.078125 0.08515625
0 0.5234375 0.4953125 0.05625 0.01875
0 0.74296875 0.23203125 0.2828125 0.153125
0 0.2015625 0.6875 0.403125 0.1984375
0 0.17265625 0.59296875 0.3453125 0.12734375
0 0.1875 0.5734375 0.37109375 0.184375
0 0.04375 0.4609375 0.0875 0.04609375
0 0.784375 0.4515625 0.26796875 0.178125
0 0.853125 0.48046875 0.13125 0.20390625
0 0.5859375 0.3421875 0.21484375 0.08828125
0 0.92890625 0.46015625 0.14140625 0.32421875
0 0.40546875 0.3125 0.146875 0.01875
0 0.11796875 0.39140625 0.2359375 0.0453125
0 0.72421875 0.4125 0.22734375 0.13671875
0 0.11640625 0.3421875 0.2328125 0.08046875
0 0.33125 0.41328125 0.07578125 0.1
0 0.7421875 0.61484375 0.075 0.0359375
0 0.3421875 0.571875 0.14296875 0.16015625
0 0.9515625 0.68046875 0.09609375 0.30625
0 0.4984375 0.50625 0.996875 0.94375