0 0.1859375 0.66171875 0.253125 0.184375
0 0.4625 0.5921875 0.084375 0.11875
0 0.52734375 0.578125 0.0875 0.10625
0 0.903125 0.5328125 0.05 0.065625
0 0.346875 0.59921875 0.171875 0.175
0 0.828125 0.53828125 0.021875 0.04375
0 0.840625 0.53671875 0.0234375 0.0484375
0 0.9875 0.55078125 0.025 0.096875
0 0.7734375 0.53125 0.0265625 0.065625
0 0.56171875 0.565625 0.025 0.0890625
0 0.81015625 0.53984375 0.034375 0.046875
0 0.79296875 0.53828125 0.0203125 0.05
0 0.97734375 0.53671875 0.015625 0.053125
0 0.8640625 0.52578125 0.03125 0.0765625