0 0.78046875 0.26796875 0.0609375 0.0640625
0 0.86328125 0.340625 0.11875 0.090625
0 0.8515625 0.2890625 0.0546875 0.0609375
0 0.91796875 0.30546875 0.059375 0.0671875
0 0.9796875 0.3625 0.040625 0.1
0 0.64609375 0.2359375 0.0671875 0.071875
0 0.3140625 0.5765625 0.05625 0.08125
0 0.54140625 0.7453125 0.0921875 0.1234375
0 0.425 0.740625 0.109375 0.1328125
0 0.28828125 0.5328125 0.065625 0.084375
0 0.359375 0.6171875 0.1 0.1234375
0 0.31796875 0.75546875 0.11875 0.1453125
0 0.478125 0.81015625 0.1140625 0.1546875
0 0.38515625 0.28046875 0.065625 0.0921875
0 0.296875 0.296875 0.0453125 0.0703125
0 0.2671875 0.4875 0.0640625 0.0828125
0 0.3796875 0.69921875 0.0640625 0.0828125
0 0.215625 0.415625 0.046875 0.071875
0 0.23828125 0.46015625 0.0390625 0.0578125