0 0.45234375 0.76640625 0.9046875 0.4671875
0 0.12578125 0.56015625 0.1046875 0.0828125
0 0.8 0.86640625 0.225 0.1859375
0 0.7296875 0.82109375 0.2203125 0.1703125
0 0.63984375 0.78828125 0.0953125 0.096875
0 0.30625 0.61875 0.18125 0.1015625
0 0.6234375 0.77109375 0.090625 0.0921875
0 0.62109375 0.75625 0.1484375 0.1109375
0 0.50859375 0.7 0.1296875 0.0765625
0 0.5828125 0.73359375 0.0796875 0.0765625
0 0.44375 0.65625 0.0640625 0.0484375
0 0.015625 0.50390625 0.03125 0.0390625
0 0.4484375 0.77734375 0.896875 0.4453125