0 0.43125 0.51015625 0.6578125 0.95703125
0 0.13515625 0.4296875 0.10390625 0.078125
0 0.23828125 0.315625 0.0234375 0.01953125
0 0.06796875 0.44375 0.1359375 0.08125
0 0.046875 0.39765625 0.09375 0.0546875
0 0.140625 0.384375 0.09921875 0.0515625
0 0.21484375 0.32109375 0.02265625 0.02109375
0 0.1859375 0.32890625 0.03984375 0.034375
0 0.30390625 0.303125 0.01640625 0.02578125
0 0.23515625 0.346875 0.0421875 0.0296875
0 0.990625 0.3734375 0.01875 0.05
0 0.290625 0.4046875 0.153125 0.0875
0 0.95390625 0.328125 0.09140625 0.15078125
0 0.26953125 0.34921875 0.0421875 0.02421875
0 0.9109375 0.3359375 0.10390625 0.10390625
0 0.55859375 0.3453125 0.7859375 0.13125