0 0.24375 0.22421875 0.10859375 0.1578125
0 0.52578125 0.3328125 0.23515625 0.15859375
0 0.11171875 0.22578125 0.22109375 0.3125
0 0.86171875 0.24453125 0.27578125 0.3375
0 0.12265625 0.6640625 0.15390625 0.39296875
0 0.3359375 0.6796875 0.1859375 0.34609375
0 0.521875 0.65234375 0.12890625 0.3734375
0 0.6421875 0.66640625 0.1046875 0.36484375
0 0.78359375 0.61796875 0.16171875 0.43046875
0 0.46953125 0.2609375 0.25859375 0.15703125
0 0.6484375 0.3640625 0.13359375 0.1984375
0 0.90625 0.65 0.084375 0.38359375
0 0.9671875 0.64453125 0.06484375 0.3375
0 0.7296875 0.625 0.0796875 0.30390625
0 0.5578125 0.56640625 0.04921875 0.18046875