0 0.54765625 0.47421875 0.56328125 0.62890625
0 0.821875 0.30546875 0.35546875 0.4515625
0 0.6265625 0.1640625 0.2375 0.1859375
0 0.08203125 0.27265625 0.10859375 0.2578125
0 0.29609375 0.20234375 0.08671875 0.2375
0 0.38515625 0.19609375 0.103125 0.09921875
0 0.42109375 0.1453125 0.10078125 0.13671875
0 0.75390625 0.12265625 0.06171875 0.14375
0 0.15546875 0.153125 0.03671875 0.08671875
0 0.33671875 0.13125 0.0421875 0.0640625
0 0.9734375 0.1 0.053125 0.10859375
0 0.559375 0.11171875 0.103125 0.071875
0 0.47421875 0.15390625 0.0484375 0.08984375