0 0.16328125 0.6703125 0.3234375 0.309375
0 0.21015625 0.77421875 0.115625 0.1875
0 0.56171875 0.81484375 0.1046875 0.159375
0 0.3578125 0.75625 0.109375 0.1703125
0 0.51328125 0.78203125 0.040625 0.1296875
0 0.48359375 0.7640625 0.0453125 0.1421875
0 0.771875 0.77109375 0.0546875 0.109375
0 0.846875 0.78515625 0.0671875 0.1203125
0 0.63515625 0.7734375 0.040625 0.1328125
0 0.45 0.70390625 0.04375 0.128125
0 0.109375 0.8828125 0.128125 0.1875
0 0.69609375 0.75546875 0.05 0.1171875
0 0.40546875 0.7515625 0.0390625 0.121875
0 0.815625 0.57578125 0.0890625 0.1140625
0 0.0078125 0.72421875 0.015625 0.1234375