0 0.10234375 0.48203125 0.2046875 0.2796875
0 0.47578125 0.440625 0.05 0.03515625
0 0.62109375 0.43828125 0.01640625 0.05859375
0 0.8453125 0.4328125 0.00859375 0.0109375
0 0.79296875 0.41796875 0.0078125 0.01015625
0 0.24765625 0.43203125 0.28515625 0.18203125
0 0.78203125 0.44375 0.01171875 0.046875
0 0.81796875 0.43203125 0.0109375 0.01171875
0 0.85078125 0.421875 0.0078125 0.009375
0 0.828125 0.4140625 0.00546875 0.0078125
0 0.81484375 0.42421875 0.0078125 0.00859375
0 0.8015625 0.45078125 0.0125 0.0140625
0 0.80859375 0.4203125 0.0109375 0.0109375
0 0.71796875 0.43828125 0.2265625 0.06328125