0 0.1953125 0.8515625 0.14375 0.196875
0 0.1015625 0.88125 0.15625 0.2171875
0 0.6359375 0.81796875 0.03125 0.0453125
0 0.88359375 0.809375 0.06875 0.090625
0 0.846875 0.8125 0.040625 0.0828125
0 0.76953125 0.809375 0.028125 0.0484375
0 0.790625 0.8140625 0.0421875 0.0484375
0 0.4828125 0.8390625 0.03125 0.040625
0 0.93203125 0.79609375 0.071875 0.14375
0 0.8140625 0.81171875 0.0234375 0.0671875
0 0.96640625 0.78046875 0.0671875 0.2203125
0 0.0484375 0.80859375 0.0515625 0.06875
0 0.565625 0.82421875 0.021875 0.0296875
0 0.73125 0.8171875 0.0375 0.0484375
0 0.73125 0.79765625 0.5375 0.2953125