0 0.61953125 0.7515625 0.25625 0.2828125
0 0.91640625 0.665625 0.0640625 0.075
0 0.334375 0.73984375 0.071875 0.0578125
0 0.29140625 0.75078125 0.0546875 0.046875
0 0.425 0.7296875 0.046875 0.03125
0 0.79921875 0.6453125 0.0484375 0.0546875
0 0.95390625 0.64375 0.0484375 0.065625
0 0.68515625 0.6640625 0.046875 0.0578125
0 0.771875 0.68203125 0.059375 0.06875
0 0.82734375 0.6546875 0.021875 0.0171875
0 0.4796875 0.71640625 0.0515625 0.0375
0 0.1703125 0.76640625 0.05 0.046875
0 0.95703125 0.6546875 0.040625 0.04375
0 0.72265625 0.67421875 0.03125 0.01875
0 0.1125 0.81796875 0.1703125 0.25
0 0.50390625 0.7171875 0.028125 0.0296875
0 0.8875 0.65390625 0.0359375 0.0484375
0 0.51328125 0.746875 0.9734375 0.38125