0 0.08515625 0.18828125 0.1015625 0.1421875
0 0.11875 0.1078125 0.08125 0.0578125
0 0.9453125 0.38203125 0.109375 0.3046875
0 0.02890625 0.10625 0.0453125 0.05625
0 0.46484375 0.3125 0.8734375 0.625
0 0.93671875 0.14609375 0.1265625 0.1953125
0 0.715625 0.15390625 0.1 0.0546875
0 0.0984375 0.06328125 0.0734375 0.084375
0 0.015625 0.05078125 0.0171875 0.05
0 0.05234375 0.065625 0.025 0.0625
0 0.19296875 0.09296875 0.0421875 0.04375
0 0.45859375 0.10703125 0.021875 0.046875
0 0.1390625 0.06015625 0.028125 0.0265625