0 0.678125 0.565625 0.18125 0.190625
0 0.2609375 0.6875 0.2859375 0.315625
0 0.81875 0.496875 0.0984375 0.1578125
0 0.09921875 0.74765625 0.109375 0.1515625
0 0.4875 0.60390625 0.221875 0.2625
0 0.909375 0.44453125 0.1078125 0.153125
0 0.3828125 0.60546875 0.1125 0.1609375
0 0.36640625 0.63515625 0.090625 0.146875
0 0.59453125 0.5515625 0.0796875 0.1265625
0 0.74609375 0.5109375 0.1140625 0.1328125
0 0.6328125 0.503125 0.071875 0.0796875
0 0.8421875 0.43359375 0.0796875 0.1203125
0 0.7671875 0.46953125 0.0609375 0.1015625