0 0.48515625 0.62734375 0.053125 0.075
0 0.3359375 0.64765625 0.0734375 0.0703125
0 0.72265625 0.62734375 0.04375 0.053125
0 0.38515625 0.6359375 0.0546875 0.059375
0 0.07890625 0.69140625 0.059375 0.075
0 0.01640625 0.68203125 0.0328125 0.0984375
0 0.546875 0.6296875 0.015625 0.03125
0 0.59453125 0.628125 0.0125 0.0296875
0 0.58203125 0.6171875 0.0109375 0.0203125
0 0.9703125 0.675 0.053125 0.1234375
0 0.621875 0.63203125 0.0125 0.0328125
0 0.98671875 0.65859375 0.0234375 0.2265625
0 0.253125 0.64921875 0.025 0.0484375
0 0.5921875 0.6046875 0.015625 0.0140625
0 0.69609375 0.590625 0.0140625 0.0140625
0 0.60703125 0.6296875 0.0125 0.0328125
0 0.94609375 0.6671875 0.0546875 0.11875
0 0.68515625 0.621875 0.0109375 0.0234375
0 0.66171875 0.58671875 0.0265625 0.0265625
0 0.70859375 0.584375 0.0109375 0.0078125
0 0.6390625 0.6328125 0.0171875 0.0390625
0 0.59765625 0.61875 0.159375 0.0515625