0 0.0328125 0.61953125 0.065625 0.3140625
0 0.10859375 0.60625 0.190625 0.2328125
0 0.228125 0.59140625 0.1 0.2328125
0 0.30390625 0.61171875 0.1203125 0.1625
0 0.3390625 0.5734375 0.1640625 0.1921875
0 0.434375 0.56640625 0.0921875 0.1703125
0 0.4765625 0.55625 0.1390625 0.159375
0 0.628125 0.56171875 0.0390625 0.075
0 0.55546875 0.55625 0.0625 0.14375
0 0.58828125 0.56796875 0.0796875 0.090625
0 0.64453125 0.55546875 0.0453125 0.0859375
0 0.665625 0.53984375 0.0453125 0.1015625
0 0.69765625 0.55 0.0375 0.0625
0 0.559375 0.540625 0.5234375 0.14375