0 0.83203125 0.434375 0.3359375 0.375
0 0.74765625 0.5359375 0.5046875 0.45
0 0.55859375 0.45390625 0.1359375 0.1625
0 0.3046875 0.48828125 0.15 0.19375
0 0.2515625 0.58828125 0.134375 0.1796875
0 0.63671875 0.6625 0.7265625 0.675
0 0.65625 0.39296875 0.13125 0.1375
0 0.4375 0.51875 0.2046875 0.2296875
0 0.76875 0.30234375 0.0546875 0.08125
0 0.8921875 0.31640625 0.121875 0.096875
0 0.78515625 0.4921875 0.340625 0.3125
0 0.89609375 0.38359375 0.2078125 0.1953125
0 0.2078125 0.7 0.2609375 0.2796875
0 0.5 0.59140625 1 0.8171875