0 0.12890625 0.725 0.2578125 0.446875
0 0.171875 0.45546875 0.2078125 0.26875
0 0.2890625 0.3125 0.165625 0.2203125
0 0.47421875 0.27578125 0.153125 0.2171875
0 0.23671875 0.08984375 0.053125 0.0671875
0 0.19375 0.34609375 0.175 0.2203125
0 0.41328125 0.6171875 0.1765625 0.2453125
0 0.39765625 0.46875 0.1078125 0.128125
0 0.37421875 0.28046875 0.0640625 0.0484375
0 0.16953125 0.58125 0.1203125 0.184375
0 0.425 0.784375 0.1875 0.225
0 0.40078125 0.4 0.1125 0.1515625
0 0.3609375 0.25078125 0.059375 0.075
0 0.34921875 0.18671875 0.0515625 0.0484375
0 0.4109375 0.16953125 0.0359375 0.0515625
0 0.33671875 0.13203125 0.03125 0.0234375
0 0.32734375 0.09765625 0.0359375 0.034375
0 0.3515625 0.1703125 0.0421875 0.04375
0 0.36953125 0.25234375 0.046875 0.0390625
0 0.2359375 0.184375 0.0984375 0.121875
0 0.2578125 0.23359375 0.515625 0.4640625