0 0.84296875 0.75625 0.3140625 0.36875
0 0.828125 0.615625 0.075 0.065625
0 0.6734375 0.65859375 0.06875 0.090625
0 0.7453125 0.64609375 0.121875 0.1328125
0 0.63125 0.75 0.2140625 0.2046875
0 0.5140625 0.74609375 0.0640625 0.0765625
0 0.6453125 0.65 0.0796875 0.0703125
0 0.60390625 0.6546875 0.0453125 0.0421875
0 0.93984375 0.59765625 0.1203125 0.2015625
0 0.86484375 0.5890625 0.071875 0.0546875
0 0.39375 0.7296875 0.0515625 0.046875
0 0.72890625 0.5890625 0.15 0.1671875
0 0.6453125 0.6046875 0.08125 0.0859375
0 0.43125 0.72890625 0.0296875 0.0421875