0 0.78203125 0.38046875 0.05 0.053125
0 0.803125 0.3609375 0.0421875 0.0484375
0 0.85234375 0.7578125 0.1328125 0.1859375
0 0.39921875 0.975 0.1671875 0.05
0 0.85390625 0.3453125 0.04375 0.0546875
0 0.725 0.93515625 0.1859375 0.109375
0 0.76875 0.90078125 0.14375 0.1640625
0 0.515625 0.9046875 0.184375 0.190625
0 0.72578125 0.878125 0.1109375 0.040625
0 0.3890625 0.47734375 0.121875 0.171875
0 0.1203125 0.77578125 0.234375 0.4484375
0 0.46953125 0.43125 0.1359375 0.2015625
0 0.50078125 0.7484375 0.3609375 0.503125
0 0.63046875 0.66171875 0.23125 0.4453125
0 0.77890625 0.61328125 0.2140625 0.3859375
0 0.85703125 0.5546875 0.1453125 0.315625
0 0.90078125 0.47265625 0.1234375 0.271875
0 0.7 0.4109375 0.10625 0.0890625
0 0.69453125 0.34140625 0.0625 0.0671875
0 0.8328125 0.2828125 0.0921875 0.1234375
0 0.54375 0.40546875 0.0921875 0.1875
0 0.915625 0.39375 0.1078125 0.15