0 0.38203125 0.36171875 0.3875 0.23125
0 0.071875 0.37265625 0.14375 0.1703125
0 0.69296875 0.2796875 0.2953125 0.1765625
0 0.93671875 0.25078125 0.08125 0.203125
0 0.4734375 0.23984375 0.0609375 0.0484375
0 0.48828125 0.29765625 0.0984375 0.0859375
0 0.2109375 0.28046875 0.1265625 0.0859375
0 0.046875 0.3265625 0.09375 0.078125
0 0.54140625 0.2234375 0.0359375 0.025
0 0.07109375 0.30234375 0.1421875 0.0953125
0 0.54453125 0.2609375 0.134375 0.08125
0 0.80078125 0.2171875 0.140625 0.0875
0 0.07109375 0.303125 0.1421875 0.09375