0 0.7609375 0.678125 0.065625 0.0734375
0 0.31328125 0.875 0.3671875 0.25
0 0.6734375 0.8859375 0.53125 0.228125
0 0.78828125 0.759375 0.1484375 0.0828125
0 0.66328125 0.73515625 0.11875 0.1171875
0 0.53984375 0.76484375 0.153125 0.121875
0 0.42109375 0.74609375 0.128125 0.09375
0 0.11953125 0.85703125 0.2390625 0.2328125
0 0.759375 0.6828125 0.06875 0.0828125
0 0.07890625 0.7078125 0.0375 0.028125
0 0.28046875 0.75078125 0.159375 0.071875
0 0.36484375 0.72265625 0.046875 0.053125
0 0.55703125 0.70078125 0.1015625 0.03125
0 0.04375 0.7890625 0.0875 0.1984375
0 0.12890625 0.7171875 0.0171875 0.015625
0 0.32421875 0.71953125 0.0390625 0.0421875