0 0.61875 0.23203125 0.1703125 0.14921875
0 0.84609375 0.37890625 0.1953125 0.209375
0 0.421875 0.1328125 0.0640625 0.08046875
0 0.34609375 0.0921875 0.07734375 0.0828125
0 0.953125 0.6515625 0.09375 0.1
0 0.715625 0.5296875 0.10234375 0.0828125
0 0.69375 0.4375 0.084375 0.07421875
0 0.465625 0.30625 0.0640625 0.05078125
0 0.46875 0.27265625 0.04921875 0.040625
0 0.37578125 0.18203125 0.04375 0.04296875
0 0.34140625 0.1515625 0.04453125 0.03828125
0 0.58359375 0.32578125 0.10546875 0.12109375
0 0.7828125 0.434375 0.103125 0.07109375
0 0.29609375 0.7671875 0.10859375 0.153125
0 0.1796875 0.4765625 0.10703125 0.18125
0 0.06328125 0.5125 0.1046875 0.165625
0 0.11796875 0.203125 0.0578125 0.078125
0 0.01328125 0.1625 0.02578125 0.09765625
0 0.08125 0.26015625 0.040625 0.04375
0 0.14921875 0.271875 0.04765625 0.0640625
0 0.16953125 0.41875 0.0609375 0.065625
0 0.1625 0.36640625 0.0515625 0.065625
0 0.134375 0.784375 0.2109375 0.43125
0 0.04609375 0.4125 0.08515625 0.12890625
0 0.57109375 0.98515625 0.103125 0.02890625
0 0.4234375 0.5 0.84375 0.99609375
0 0.2671875 0.11640625 0.08125 0.075