0 0.61796875 0.24921875 0.25625 0.36875
0 0.76171875 0.11640625 0.1484375 0.2046875
0 0.37421875 0.14140625 0.3015625 0.2453125
0 0.2296875 0.1421875 0.275 0.284375
0 0.596875 0.07265625 0.1546875 0.1328125
0 0.4578125 0.06171875 0.196875 0.1234375
0 0.91484375 0.159375 0.1703125 0.25625
0 0.96015625 0.021875 0.0796875 0.028125
0 0.734375 0.01484375 0.090625 0.0234375
0 0.846875 0.02421875 0.15 0.0390625
0 0.375 0.0296875 0.1375 0.059375
0 0.44453125 0.01484375 0.1140625 0.0296875
0 0.27734375 0.034375 0.1359375 0.06875