0 0.9828125 0.45859375 0.03359375 0.315625
0 0.34375 0.56875 0.2578125 0.646875
0 0.47421875 0.37734375 0.09765625 0.23359375
0 0.840625 0.26328125 0.0671875 0.22578125
0 0.53203125 0.29375 0.15859375 0.29375
0 0.74375 0.2859375 0.07734375 0.24765625
0 0.26875 0.6078125 0.3140625 0.62734375
0 0.3625 0.4265625 0.24921875 0.4609375
0 0.490625 0.30078125 0.1890625 0.3109375
0 0.57890625 0.24296875 0.05390625 0.08984375
0 0.1890625 0.65 0.378125 0.7
0 0.7921875 0.29296875 0.06875 0.20625
0 0.76328125 0.184375 0.0203125 0.0296875
0 0.275 0.65859375 0.26484375 0.65
0 0.6578125 0.4328125 0.68125 0.57890625