0 0.94140625 0.19140625 0.10703125 0.09921875
0 0.890625 0.190625 0.1734375 0.0796875
0 0.80859375 0.17890625 0.32890625 0.13828125
0 0.59609375 0.20703125 0.240625 0.09609375
0 0.4546875 0.21640625 0.24296875 0.09609375
0 0.4015625 0.20625 0.26953125 0.1171875
0 0.27421875 0.21875 0.13203125 0.0625
0 0.0453125 0.225 0.08515625 0.11796875
0 0.47734375 0.55390625 0.21171875 0.50546875
0 0.81171875 0.66640625 0.3765625 0.6671875
0 0.6375 0.43671875 0.1609375 0.37109375
0 0.971875 0.50546875 0.05546875 0.3078125
0 0.16171875 0.684375 0.32109375 0.60078125
0 0.25546875 0.4265625 0.12734375 0.353125
0 0.74765625 0.29921875 0.06484375 0.07578125
0 0.1546875 0.2203125 0.303125 0.14453125