0 0.26171875 0.8703125 0.0890625 0.10625
0 0.771875 0.93359375 0.1125 0.1328125
0 0.14453125 0.875 0.103125 0.0984375
0 0.0078125 0.8609375 0.015625 0.103125
0 0.73515625 0.8484375 0.0359375 0.0453125
0 0.60546875 0.840625 0.034375 0.0390625
0 0.51171875 0.8703125 0.0546875 0.071875
0 0.55859375 0.86328125 0.01875 0.05
0 0.64375 0.86796875 0.0375 0.0671875
0 0.87265625 0.90390625 0.0640625 0.1109375
0 0.81015625 0.8515625 0.053125 0.053125
0 0.03203125 0.865625 0.0640625 0.103125
0 0.959375 0.92265625 0.0296875 0.0796875