0 0.10546875 0.49140625 0.21015625 0.25859375
0 0.38671875 0.490625 0.17421875 0.22421875
0 0.70390625 0.45546875 0.13984375 0.30078125
0 0.88046875 0.57265625 0.2390625 0.3640625
0 0.378125 0.24375 0.07109375 0.09140625
0 0.2828125 0.2078125 0.0890625 0.07890625
0 0.89375 0.43203125 0.21171875 0.17421875
0 0.18125 0.12421875 0.09609375 0.07734375
0 0.32578125 0.4078125 0.0765625 0.078125
0 0.4625 0.17265625 0.0765625 0.0953125
0 0.57265625 0.4640625 0.0609375 0.24765625
0 0.83515625 0.325 0.0953125 0.0484375
0 0.47578125 0.2703125 0.06015625 0.09609375
0 0.371875 0.2875 0.740625 0.21015625