0 0.25703125 0.859375 0.1484375 0.1890625
0 0.340625 0.85546875 0.1328125 0.159375
0 0.42265625 0.85625 0.1390625 0.15625
0 0.4984375 0.8640625 0.1546875 0.1625
0 0.5703125 0.9484375 0.178125 0.103125
0 0.6875 0.86484375 0.1359375 0.1203125
0 0.721875 0.95 0.175 0.1
0 0.6359375 0.93515625 0.196875 0.1296875
0 0.47265625 0.94375 0.1578125 0.1125
0 0.84296875 0.990625 0.0578125 0.01875
0 0.7765625 0.953125 0.153125 0.09375
0 0.3875 0.92890625 0.153125 0.1421875
0 0.853125 0.90859375 0.10625 0.1015625
0 0.47734375 0.71796875 0.9546875 0.5640625