0 0.371875 0.89375 0.0734375 0.084375
0 0.20390625 0.6578125 0.065625 0.0765625
0 0.30625 0.6125 0.0546875 0.0671875
0 0.24765625 0.45859375 0.05625 0.059375
0 0.234375 0.13515625 0.034375 0.0375
0 0.22109375 0.12734375 0.0296875 0.0375
0 0.3484375 0.1546875 0.0375 0.040625
0 0.3015625 0.1109375 0.0609375 0.0765625
0 0.2640625 0.34453125 0.1 0.15625
0 0.3203125 0.21796875 0.0609375 0.084375
0 0.1859375 0.09296875 0.0625 0.0859375
0 0.16640625 0.053125 0.0640625 0.06875
0 0.32734375 0.1734375 0.025 0.01875