0 0.06875 0.83828125 0.1296875 0.1015625
0 0.1609375 0.82109375 0.065625 0.0578125
0 0.89140625 0.8984375 0.125 0.1015625
0 0.846875 0.865625 0.10625 0.0734375
0 0.51484375 0.8484375 0.096875 0.075
0 0.93671875 0.825 0.0921875 0.146875
0 0.24609375 0.81875 0.128125 0.0609375
0 0.103125 0.81953125 0.1140625 0.08125
0 0.4453125 0.84453125 0.121875 0.06875
0 0.12734375 0.6390625 0.059375 0.0515625
0 0.51953125 0.83125 0.121875 0.065625
0 0.2734375 0.7546875 0.1171875 0.059375
0 0.1375 0.5265625 0.0578125 0.0515625
0 0.1421875 0.4265625 0.0953125 0.0421875
0 0.5 0.49453125 1 0.9890625