0 0.346875 0.77109375 0.08125 0.1015625
0 0.28125 0.78046875 0.05625 0.0671875
0 0.38515625 0.70546875 0.021875 0.0234375
0 0.35234375 0.7265625 0.0265625 0.0265625
0 0.615625 0.6171875 0.20625 0.225
0 0.48203125 0.74765625 0.0609375 0.0859375
0 0.39140625 0.7765625 0.0703125 0.0984375
0 0.3265625 0.8046875 0.0609375 0.0890625
0 0.2265625 0.84375 0.0640625 0.0890625
0 0.15234375 0.87578125 0.065625 0.0890625
0 0.528125 0.64296875 0.103125 0.15
0 0.4875 0.659375 0.0578125 0.0953125
0 0.25390625 0.82578125 0.065625 0.0921875
0 0.11640625 0.8671875 0.0609375 0.0921875
0 0.196875 0.8296875 0.0625 0.084375
0 0.3625 0.71171875 0.0171875 0.0203125
0 0.28671875 0.78828125 0.0328125 0.0515625
0 0.471875 0.67890625 0.04375 0.0578125