0 0.9640625 0.809375 0.015625 0.0265625
0 0.8953125 0.80625 0.0421875 0.021875
0 0.90859375 0.80859375 0.034375 0.021875
0 0.95546875 0.81015625 0.03125 0.025
0 0.80234375 0.78671875 0.0265625 0.0203125
0 0.775 0.784375 0.0296875 0.0203125
0 0.75078125 0.78203125 0.021875 0.0140625
0 0.7015625 0.77265625 0.0328125 0.0171875
0 0.93984375 0.80078125 0.0203125 0.0171875
0 0.834375 0.7921875 0.0640625 0.0359375
0 0.7234375 0.77578125 0.021875 0.0171875
0 0.6515625 0.76796875 0.0140625 0.0140625
0 0.48984375 0.75078125 0.94375 0.1484375