0 0.38125 0.35234375 0.0671875 0.05625
0 0.53359375 0.3328125 0.1765625 0.0875
0 0.5203125 0.365625 0.1609375 0.1109375
0 0.60234375 0.36328125 0.1359375 0.128125
0 0.690625 0.3421875 0.18125 0.165625
0 0.7734375 0.34921875 0.2421875 0.175
0 0.44609375 0.36953125 0.053125 0.071875
0 0.43515625 0.359375 0.0625 0.053125
0 0.33359375 0.3515625 0.0578125 0.046875
0 0.59375 0.3328125 0.09375 0.053125
0 0.534375 0.3328125 0.1859375 0.0953125
0 0.14765625 0.44140625 0.0453125 0.065625
0 0.128125 0.55703125 0.25625 0.5078125
0 0.88046875 0.30625 0.2203125 0.2375
0 0.45859375 0.33828125 0.90625 0.2375