0 0.915625 0.871875 0.16875 0.1875
0 0.7265625 0.846875 0.0890625 0.040625
0 0.56796875 0.85234375 0.053125 0.0421875
0 0.865625 0.88984375 0.1234375 0.159375
0 0.2515625 0.9265625 0.1015625 0.0734375
0 0.39609375 0.903125 0.09375 0.0703125
0 0.88125 0.8703125 0.2375 0.20625
0 0.8125 0.825 0.096875 0.0921875
0 0.49375 0.85625 0.134375 0.121875
0 0.6484375 0.79453125 0.046875 0.06875
0 0.609375 0.78203125 0.0546875 0.03125
0 0.7625 0.790625 0.0640625 0.0546875
0 0.6984375 0.80390625 0.0671875 0.053125
0 0.76328125 0.7578125 0.0484375 0.0234375