0 0.028125 0.7125 0.05625 0.1375
0 0.06953125 0.7109375 0.1140625 0.16875
0 0.4140625 0.76953125 0.06875 0.1296875
0 0.2328125 0.753125 0.078125 0.125
0 0.46796875 0.69140625 0.059375 0.1140625
0 0.35703125 0.74609375 0.075 0.16875
0 0.52890625 0.77265625 0.084375 0.1375
0 0.64375 0.7765625 0.1140625 0.1546875
0 0.62109375 0.6921875 0.06875 0.0875
0 0.5671875 0.68359375 0.078125 0.1203125
0 0.51875 0.690625 0.071875 0.1203125
0 0.421875 0.6765625 0.046875 0.071875
0 0.3765625 0.653125 0.040625 0.05625
0 0.4984375 0.66953125 0.996875 0.5359375