0 0.940625 0.6296875 0.11875 0.1
0 0.08359375 0.6421875 0.159375 0.06875
0 0.515625 0.62265625 0.0546875 0.0453125
0 0.85 0.80390625 0.1859375 0.253125
0 0.65625 0.76328125 0.1015625 0.1546875
0 0.384375 0.69921875 0.0421875 0.053125
0 0.3078125 0.671875 0.0484375 0.08125
0 0.33203125 0.66875 0.0234375 0.0546875
0 0.35078125 0.64296875 0.015625 0.0421875
0 0.50546875 0.74375 0.05 0.0875
0 0.4359375 0.70546875 0.0484375 0.078125
0 0.32578125 0.6046875 0.0390625 0.034375
0 0.128125 0.82578125 0.246875 0.3484375
0 0.71015625 0.684375 0.0703125 0.1015625
0 0.5921875 0.69140625 0.0609375 0.0875
0 0.26484375 0.6515625 0.0203125 0.0375
0 0.54453125 0.6796875 0.0390625 0.071875
0 0.240625 0.6484375 0.040625 0.0375