0 0.27890625 0.15625 0.125 0.178125
0 0.59296875 0.28359375 0.2671875 0.1828125
0 0.1296875 0.1640625 0.253125 0.328125
0 0.90625 0.1921875 0.1875 0.375
0 0.13515625 0.64609375 0.1796875 0.4421875
0 0.37421875 0.6671875 0.215625 0.390625
0 0.5828125 0.640625 0.1515625 0.4203125
0 0.71640625 0.659375 0.125 0.4109375
0 0.8765625 0.60703125 0.1890625 0.484375
0 0.53203125 0.20234375 0.2921875 0.18125
0 0.73046875 0.32109375 0.153125 0.225
0 0.98125 0.64140625 0.0375 0.4296875
0 0.815625 0.61484375 0.0953125 0.340625
0 0.62421875 0.54609375 0.0578125 0.203125