0 0.2453125 0.8953125 0.0328125 0.1015625
0 0.159375 0.93984375 0.040625 0.09140625
0 0.703125 0.84453125 0.16875 0.22265625
0 0.8953125 0.70703125 0.18125 0.2046875
0 0.58125 0.66875 0.12734375 0.14609375
0 0.7375 0.5828125 0.12265625 0.13359375
0 0.4421875 0.859375 0.159375 0.190625
0 0.16484375 0.6984375 0.13203125 0.2
0 0.62265625 0.4390625 0.07421875 0.1078125
0 0.94375 0.44921875 0.0875 0.1453125
0 0.91484375 0.42734375 0.0765625 0.11796875
0 0.48125 0.5046875 0.05 0.1125
0 0.33125 0.54921875 0.07734375 0.1265625
0 0.97734375 0.1625 0.0453125 0.1171875
0 0.16171875 0.475 0.090625 0.13046875
0 0.2703125 0.6234375 0.04375 0.11015625
0 0.328125 0.23125 0.046875 0.0671875
0 0.96875 0.46953125 0.0625 0.16015625
0 0.18984375 0.0484375 0.025 0.05078125
0 0.15625 0.1015625 0.00703125 0.02109375
0 0.4125 0.20625 0.0578125 0.06796875
0 0.9578125 0.2984375 0.084375 0.11015625
0 0.540625 0.2671875 0.915625 0.534375