0 0.83671875 0.31171875 0.078125 0.059375
0 0.7328125 0.3109375 0.071875 0.053125
0 0.6421875 0.303125 0.078125 0.0546875
0 0.3015625 0.2921875 0.021875 0.028125
0 0.3453125 0.29375 0.0359375 0.028125
0 0.4171875 0.29765625 0.0515625 0.034375
0 0.4765625 0.30078125 0.0609375 0.0375
0 0.60078125 0.30546875 0.059375 0.04375
0 0.684375 0.30859375 0.0734375 0.0515625
0 0.77890625 0.31171875 0.075 0.053125
0 0.5671875 0.30546875 0.0640625 0.04375
0 0.378125 0.2953125 0.053125 0.03125
0 0.96484375 0.31015625 0.0546875 0.0578125
0 0.49609375 0.29921875 0.9921875 0.1765625